facility_id	facility_type	region	district	treatment	s0_employee	consent	s1_1a	s1_1b	s1_1c	s1_1d	s1_1e	s1_1f	s1_1a_1	s1_1a_2	s1_1a_3	s1_1a_4	s1_1a_5	s1_1a_6	s1_02	s1_03	s1_04	s1_05	s1_06	s1_07	s1_08	s1_09	s1_10	s1_10a	s1_10b	s1_10c	s1_11	s1_12	s1_13	s1_14	s1_15	s1_16	s1_16_1	s1_16_2	s1_16_3	s1_16_4	s1_16_5	s1_16_6	s1_16_7	s1_16_8	s1_16_77	s1_17	s1_18	s2_01	s2_01_1	s2_01_2	s2_01_3	s2_01_4	s2_01_5	s2_01_6	s2_01_7	s2_01_8	s2_01_9	s2_01_10	s2_01_11	s2_01_12	s2_01_13	s2_01_method_count	s2_02_method_1	s2_02_1	s2_03_1	s2_02_method_2	s2_02_2	s2_03_2	s2_02_method_3	s2_02_3	s2_03_3	s2_02_method_4	s2_02_4	s2_03_4	s2_02_method_5	s2_02_5	s2_03_5	s2_02_method_6	s2_02_6	s2_03_6	s2_02_method_7	s2_02_7	s2_02_method_8	s2_02_8	s2_04	s2_05	s2_06	s2_07	s2_08	s2_09	s2_09_1	s2_09_2	s2_09_3	s2_09_4	s2_09_5	s2_09_6	s2_09_7	s2_09_8	s2_10	s2_11	s2_11_1	s2_11_2	s2_11_3	s2_11_4	s2_11_77	s2_12	s2_13	s2_13_1	s2_13_2	s2_13_3	s2_13_4	s2_13_77	s2_14	s2_15	s2_16	s2_16_1	s2_16_2	s2_16_3	s2_16_4	s2_16_5	s2_16_6	s2_16_7	s2_16_8	s2_17	s2_18	s2_18_1	s2_18_2	s2_18_3	s2_18_4	s2_18_5	s2_18_6	s2_18_7	s2_18_8	s2_19	s2_19_c	s2_19_d	s2_19_e	s2_19_f	s2_19_g	s2_19_h	s2_19_i	s2_19_j	s2_19_m	s2_19_p	s2_19_q	s2_19_r	s2_19_s	s2_19_t	s2_19_u	s2_19_v	s2_19_w	s2_19_z	s2_20_stock_fp_1	s2_20_1	s2_21_1	s2_22_1	s2_23_1	s2_24_1	s2_25_1	s2_26_1	s2_27_1	s2_27_oth_1	s2_28_1	s2_29_1	s2_30_1	s2_31_1	s2_20_stock_fp_2	s2_20_2	s2_21_2	s2_22_2	s2_23_2	s2_24_2	s2_25_2	s2_26_2	s2_27_2	s2_28_2	s2_29_2	s2_30_2	s2_31_2	s2_20_stock_fp_3	s2_20_3	s2_21_3	s2_22_3	s2_23_3	s2_24_3	s2_25_3	s2_26_3	s2_27_3	s2_28_3	s2_29_3	s2_30_3	s2_31_3	s2_31_oth_3	s2_20_stock_fp_4	s2_20_4	s2_21_4	s2_22_4	s2_23_4	s2_23_oth_4	s2_24_4	s2_25_4	s2_26_4	s2_27_4	s2_28_4	s2_29_4	s2_30_4	s2_31_4	s2_20_stock_fp_5	s2_20_5	s2_21_5	s2_22_5	s2_23_5	s2_24_5	s2_25_5	s2_26_5	s2_27_5	s2_28_5	s2_29_5	s2_20_stock_fp_6	s2_20_6	s2_21_6	s2_22_6	s2_23_6	s2_24_6	s2_25_6	s2_26_6	s2_27_6	s2_28_6	s2_29_6	s2_30_6	s2_31_6	s2_20_stock_fp_7	s2_20_7	s2_21_7	s2_22_7	s2_24_7	s2_28_7	s2_20_stock_fp_8	s2_20_8	s2_22_8	s2_24_8	s2_28_8	s2_32	s2_33	s2_34	s2_35	s3_01	s3_02	s3_03	s3_04	s3_05	s3_06	s3_07	s3_08	s4_01	s4_02	s4_02_1	s4_02_2	s4_02_3	s4_02_4	s4_02_5	s4_02_6	s4_02_7	s4_02_8	s4_06	s4_07	s4_08	s4_09	s4_10	s4_11	s5_01	s5_02	s5_03	s5_04	s5_05	s5_06	s5_07	s5_08	s5_09	s5_10	s5_11	s5_12	s6_00_vaccine_1	s6_01_1	s6_02_1	s6_03_1	s6_04_1	s6_00_vaccine_2	s6_01_2	s6_02_2	s6_03_2	s6_04_2	s6_00_vaccine_3	s6_01_3	s6_02_3	s6_03_3	s6_04_3	s6_00_vaccine_4	s6_01_4	s6_02_4	s6_03_4	s6_04_4	s6_00_vaccine_5	s6_01_5	s6_02_5	s6_03_5	s6_04_5	s6_00_vaccine_6	s6_01_6	s6_02_6	s6_03_6	s6_04_6	s6_00_vaccine_7	s6_01_7	s6_02_7	s6_03_7	s6_04_7	s6_00_vaccine_8	s6_01_8	s6_02_8	s6_03_8	s6_04_8	s6_00_vaccine_9	s6_01_9	s6_02_9	s6_03_9	s6_04_9	s6_00_vaccine_10	s6_01_10	s6_02_10	s6_03_10	s6_04_10	s6_00_vaccine_11	s6_01_11	s6_02_11	s6_03_11	s6_04_11	s7_01	s7_02	s7_03	s7_04	s7_05	s7_06	s7_07	s7_08	s7_09	s7_10	s7_11	s7_12	s7_13	s7_14	s7_15	s7_16	s7_17	s7_18	s7_19	s7_20	s8_01	s8_02	s8_03	s8_04	s8_05	s8_06	s8_07	s8_08	s8_09	s8_10	s8_11	s8_12	s9_01_minutes	s9_01_hours	s9_02_minutes	s9_02_hours	s9_03_minutes	s9_03_hours	s9_04_minutes	s9_04_hours	s9_05_minutes	s9_05_hours	s9_06_minutes	s9_06_hours	s10_01	s10_02	s10_03	s10_03_1	s10_03_2	s10_03_3	s10_03_4	s10_03_5	s10_03_6	s10_03_7	s10_03_8	s10_03_9	s10_03_10	s10_03_11	s10_03_12	s10_03_13	s10_03_14	s10_03_15	s10_03_16	s10_03_17	s10_03_18	s10_03_19	s10_03_20	s10_03_21	s10_03_22	s10_03_23	s10_03_24	s10_03_25	s10_03_26	s10_03_27	s10_03_28	s10_03_29	s10_03_30	s10_03_31	s10_03_32	s10_03_33	s10_03_34	s10_03_35	s10_03_36	s10_03_37	s10_03_38	s10_03_39	s10_03_40	s10_03_41	s10_03_42	s10_03_43	s10_03_44	s10_03_45	s10_03_46	s10_03_47	s10_03_48	s10_03_49	s10_03_50	s10_03_51	s10_03_52	s10_03_53	s10_03_54	s10_03_55	s10_03_56	s10_04	s10_04_1	s10_04_2	s10_04_3	s10_04_4	s10_04_77	s10_05	s10_05_1	s10_05_2	s10_05_3	s10_05_4	s10_05_5	s10_05_77	s10_07	s10_08	s10_09	s10_10	s10_11	s10_12	s10_13	s10_14	s10_15	s11_01	s11_02	s11_03	s11_04	s11_05	s11_06	s11_07	s11_08	s11_09	s11_10	s11_11	s11_12	s11_13	s11_14	s11_14a	s11_15	s11_16
102015	"CSB2"	1	1	1	1	1	0	1	0	1	0	0		1		1			2	1	3			1	0	0					3	3	0		0													"3 5 6 7 9 13"	0	0	1	0	1	1	1	0	1	0	0	0	1	6	3	0		5	0		6	0		7	0		9	0		13	0						0	1	1			"1 2 3 4 5 6 7"	1	1	1	1	1	1	1	0	1							1							1											0										1	10		33	19	0		9		1	9		0	0	0		0		1	3	1	0			1	0				1	0			5	1	1	30	7	1	1	30	7	4				6	3		2		3		2	1	3		30	77	"CONGE ILAY RESPONSABLE PHAGDIS"	7	1	0				4				4				9	1	0			4				4		13	1	0			4				4															1	0			1	0			1	0			1	"1 2 3 4 5 6"	1	1	1	1	1	1	0	0	1	0			1	1	1	0			1	0			1	0			11	1	0			4	1	1	7	7	5	1	0			6	1	0			7	1	0			8	1	0			9	1	0			10	1	0			1	1	0			2	4				3	4				4				4				3		90	1	1	0			3		90	10	1	0			1	0			1	0			2880	48.0	3000	50.0	2880	48.0							0																																																																								2	6	1	1	1	2023-06-10	1	1	3	0	1	1	1	1	0	0	5	0	1	1	1	1	1	1	1	0
104094	"CSB2"	1	1	0	1	1	0	1	1	1	0	0		0	1	1			7	0	2	"LACK OF MATERIALS"		1	0	1	1	1	1	1	2	3	0		0													"3 4 5 6 7 9 13"	0	0	1	1	1	1	1	0	1	0	0	0	1	7	3	0		4	0		5	0		6	0		7	0		9	0		13	0			0	1	1	1	1	"1 2 3 4 5 6 7"	1	1	1	1	1	1	1	0	1							1							1		"1 2 3 4 5 6 7"	1	1	1	1	1	1	1	0	0										1	9	0	21	29	0		0		0	9	0	5	4	0		0		0	3	1	0			1	0				1	0			4	1	0			1	0			1	0			5	1	1	30	7	1	0			1	0				6	1	0				1	0			1	0			7	1	0			4				4		9	1	0			4				4				13	1	0		4	4						1	0			1	0			1	0			1	"1 2 3 4 5 6"	1	1	1	1	1	1	0	0	1	0			1	1	1	0			1	0			1	0			11	1	0			4	1	0			5	1	0			6	1	0			7	1	0			8	1	0			9	1	0			10	1	0			1	1	0			2	4				3	4				4				4				1	0			1	0			1	0			1	0			1	0			1	0			300	5.0	360	6.0	300	5.0							1	2023-03-01	"44"	0	0	0	0	0	0	0	0	0	0	0	0	0	0	0	0	0	0	0	0	0	0	0	0	0	0	0	0	0	0	0	0	0	0	0	0	0	0	0	0	0	0	0	1	0	0	0	0	0	0	0	0	0	0	0	0	"2"	0	0	0	0	1	"1"	1	0	0	0	0	0	2	6	1	1	1	2023-05-17	1	1	1	1	1	1	1	1	0	0	3	0	1	1	3	3	1	1	1	0
110046	"CSB1"	1	1	1	1	1	0	1	1	1	0	1		1	1	1		1	2	1	4		"SINGLE FORM TO FILL OUT"	0	0	1	1	1	1	1	3	5	0		0													"3 5 6 7"	0	0	1	0	1	1	1	0	0	0	0	0	0	4	3	0		5	1	1000	6	1	1000	7	0												0	1	1			"1 2 3 4 5 6 7"	1	1	1	1	1	1	1	0	1							1							1											0										1	1		12	23	0					0		2	1	0					3	1	0			1	0				1	0			5	1	1	30	7	4				4				6	1	0			4				4					7	1	0				4				4																																							3			7	3			1	1	0			1	"2 3 4 5 7"	0	1	1	1	1	0	1	0	1	1	15	5	1	1	1	0			1	0			1	0			11	1	0			4	1	0			5	1	0			6	1	0			7	1	0			8	1	0			9	1	0			10	1	0			1	3		90	1	2	4				3	4				4				4				4				4				3			1	1	0			3			1	1	0															0																																																																								2	6	1	1	1	2023-06-20	1	1	1	1	1	1	1	1	1	0	5	0	0	1	2	3	1	3	1	2
110066	"CSB2"	1	1	1	1	1	0	1	0	1	0	1		1		1		1	3	1	4		"SINGLE FORM TO FILL OUT"	0	0	0					3	5	0		0													"3 5 6 7 9"	0	0	1	0	1	1	1	0	1	0	0	0	0	5	3	1	3000	5	1	3000	6	1	3000	7	1	1000	9	0									0	1	1			"1 2 3 4 5 6"	1	1	1	1	1	1	0	0	1							1							1											0										1	4		8	7	5		1			4		6	4	4		1			3	1	0			1	0				1	0			5	1	0			4				4				6	1	0			4				4					7	1	0				4				4				9	1	0			4				4																										1	0			1	0			1	0			1	"1 2 3 4 5 6 7"	1	1	1	1	1	1	1	0	1	0			1	1	1	0			1	0			1	0			11	1	0			4	1	0			5	1	0			6	1	0			7	1	0			8	1	0			9	1	0			10	1	0			1	1	0			2	4				3	4				4				4				4				1	0			1	0			1	0			1	0			1	0															0																																																																								2	6	1	1	2		98	2	98	1	1	1	1	1	0	0	5	0	0	1	2	3	1	2	1	1
115035	"CSB2"	1	1	0	1	1	0	1	1	1	0	0		1	0	1			3	1	2	"DISTANT"		1	0	1	1	1	1	1	3	3	0		0													"3 5 6 7 9"	0	0	1	0	1	1	1	0	1	0	0	0	0	5	3	0		5	1	500	6	1	500	7	0		9	0									0	1	1			"1 2 3 4 5 6 7"	1	1	1	1	1	1	1	0	1							1							1											0										0																			3	3		60		3		60	99		3		60	99	5	3		60		3		60	99	3		60	99	6	1	0			1	1		99	1	0				7	3		25			4				4				9	1	0			4				4																										4				3		30	7	3		30	1	1	"1 5 7"	1	0	0	0	1	0	1	0	1	1	60	2	1	1	3		30	2	3		30	4	1	0			11	1	1	30	2	4	1	0			5	1	0			6	1	0			7	1	0			8	1	0			9	1	0			10	1	0			1	1	0			2	4				3	4				4				4				3			1	1	0			3			1	3		20	2	4				3		30	2	480	8.0	840	14.0	480	8.0							1	2023-02-01	"41"	0	0	0	0	0	0	0	0	0	0	0	0	0	0	0	0	0	0	0	0	0	0	0	0	0	0	0	0	0	0	0	0	0	0	0	0	0	0	0	0	1	0	0	0	0	0	0	0	0	0	0	0	0	0	0	0	"2"	0	1	0	0	0	"1"	1	0	0	0	0	0	2	6	1	1	2		2	2	0	0	1	1	1	1	0	0	5	0	1	1	2	2	1	1	1	0
121096	"CSB1"	1	1	1	1	1	0	0	2	1	0	0			0	0			7	1	4		"GOOD CONDITION, NEAR THE PHAGDIS"	1	0	0					3	4	0		0													"3 5 6 7 9"	0	0	1	0	1	1	1	0	1	0	0	0	0	5	3	1	2000	5	1	2000	6	1	2000	7	0		9	0									0	1	1			"1 2 3 4 5 7"	1	1	1	1	1	0	1	0	1							1							0											0										1	8		37	52	15		0			3		7	5	0		0			3	1	0			1	1	20	4		1	1	20	4	5	3		1		3		41	7	4				6	1	1	15	7	1	1	15	7	1	1	15	7		7	1	0				1	0			4				9	1	0			4				4																										4				3		90	7	3		2	99	1	"1 2 3 6 7"	1	1	1	0	0	1	1	0	1	0			0	1	3		90	7	3		90	7	1	0			11	1	0			4	1	0			5	1	0			6	1	0			7	3		6	2	8	1	0			9	1	0			10	3		6	2	1	1	0			2	4				3	4				4				4				3		90	7	1	0			3		90	7	1	0			3		90	1	3		90	1	120	2.0	120	2.0	120	2.0	60	1.0	120	2.0	60	1.0	1	2023-04-01	"39 40 41 42 44 45 46 50 51"	0	0	0	0	0	0	0	0	0	0	0	0	0	0	0	0	0	0	0	0	0	0	0	0	0	0	0	0	0	0	0	0	0	0	0	0	0	0	1	1	1	1	0	1	1	1	0	0	0	1	1	0	0	0	0	0	"2"	0	0	0	0	1	"4 5"	0	0	0	1	1	0	2	6	1	1	1	2023-05-02	1	2	2	0	1	1	1	1	0	0	5	0	1	1	1	1	1	1	1	0
121097	"CSB1"	1	1	1	1	1	0	0	2	1	0	0			1	1			3	1	4		"NEAR THE PHAGDIS"	1	0	0					3	4	0		0													"3 5 6 7 9"	0	0	1	0	1	1	1	0	1	0	0	0	0	5	3	1	2000	5	1	500	6	1	500	7	0		9	0									0	1	1			"1 2 4 5"	1	1	0	1	1	0	0	0	1							1							1											0										1	0		33	15	2		0			0		9	5	1		0			3	1	1	30	2	1	1	30	2		1	1	30	2	5	3		7		3		7	1	3		7	1	6	1	0			1	0			1	0				7	1	0				4				4				9	3		90		4				4																										4				1	1	30	7	1	0			1	"2 3 4 5 6 7"	0	1	1	1	1	1	1	0	1	0			0	1	1	0			1	1	7	1	1	0			11	1	0			4	1	0			5	1	0			6	1	0			7	1	0			8	1	0			9	1	0			10	1	0			1	1	0			2	4				3	4				4				4				1	0			1	1	30	1	1	0			1	1	30	1	3		90	1	1	0			180	3.0	240	4.0									1	2023-05-01	"46 49 52"	0	0	0	0	0	0	0	0	0	0	0	0	0	0	0	0	0	0	0	0	0	0	0	0	0	0	0	0	0	0	0	0	0	0	0	0	0	0	0	0	0	0	0	0	0	1	0	0	1	0	0	1	0	0	0	0	"1"	1	0	0	0	0	"1"	1	0	0	0	0	0	2	6	1	1	2		2	2	0	1	1	1	1	1	0	0	5	1	1	1	2	2	1	1	1	0
125001	"CSB2"	1	1	0	1	1	0	2	0	0	0	0		1					2	1	4		"SUFFICIENT MATERIALS AND DRUGS"	1	0	0					3	3	0		0													"3 5 6 7 9"	0	0	1	0	1	1	1	0	1	0	0	0	0	5	3	0		5	0		6	0		7	0		9	0									0	1	1			"2 3 4 5 6 7"	0	1	1	1	1	1	1	0	1							1							1											0										1	17		0	42	7		0			11		0	7	2		0			3	1	1	7	2	1	1	7	2		1	1	7	2	5	3		7		3		7	2	3		7	2	6	1	1	7	2	1	1	7	2	1	1	7	2		7	1	1	7	2		4				4				9	1	1	7	2	4				4																										1	0			3		30	2	1	0			1	"1 2 3 4 5"	1	1	1	1	1	0	0	0	1	0			1	1	1	0			1	0			1	0			11	1	0			4	1	0			5	1	0			6	1	0			7	1	0			8	1	0			9	1	0			10	1	0			1	3		14	2	2	4				3	4				4				4				1	0			1	0			1	0			1	0			1	0			1	0			600	10.0	2160	36.0	600	10.0							0																																																																								2	6	1	1	1	2023-06-21	1	1	1	1	1	1	1	0	0	0	5	0	1	1	1	1	1	1	1	0
125092	"CSB1"	1	1	1	1	1	0	1	1	1	0	0		1	1	1			3	1	1	"DISTANT"		1	0	1	1	0	1	1	2	4	0		0													"3 5 6 7 9 13"	0	0	1	0	1	1	1	0	1	0	0	0	1	6	3	1	2000	5	1	1000	6	1	1000	7	1	500	9	0		13	0						0	1	1			"1 2 3 4 5 6 7"	1	1	1	1	1	1	1	0	1							1							1											0										1	12		38	57	9		3		1	7		8	12	2		0		1	3	1	0			1	0				1	0			5	3		34		3		34	7	3		34	7	6	3		18		3		18	7	3		18	7		7	1	0				4				4				9	1	0			4				4		13	1	0			4				4															1	1	90	7	3		5	1	3		5	1	1	"1 2 3 4 5"	1	1	1	1	1	0	0	0	1	1	2	2	1	1	3		4	1	3		6	1	1	0			11	1	0			4	1	0			5	1	0			6	1	0			7	1	0			8	1	0			9	1	0			10	1	0			1	3			1	2	4				3	4				4				4				3			7	1	0			3			7	1	0			1	0			1	0			600	10.0	1200	20.0	600	10.0							1	2023-06-01	"44"	0	0	0	0	0	0	0	0	0	0	0	0	0	0	0	0	0	0	0	0	0	0	0	0	0	0	0	0	0	0	0	0	0	0	0	0	0	0	0	0	0	0	0	1	0	0	0	0	0	0	0	0	0	0	0	0	"2"	0	1	0	0	0	"1"	1	0	0	0	0	0	1	6	1	1	1	2023-04-16	1	1	1	0	1	1	1	1	0	0	5	0	1	1	3	3	1	1	1	0
138006	"CSB1"	1	1	0	1	1	0	2	0	0	0	1		2			1	1	2	1	4		"SINGLE FORM TO FILL OUT"	0	0	1	1	0	1	1	3	3	1	1	0													"3 5 7 9"	0	0	1	0	1	0	1	0	1	0	0	0	0	4	3	1	3000	5	0		7	0		9	0												0	1	1			"1 2 3 4 5 6"	1	1	1	1	1	1	0	0	1							1							1																					1	5		4		0		0			5		2		0		0			3	1	0			1	0				1	0			5	1	0			4				4				7	1	0			4				4					9	1	0				4				4																																							3		20	2	1	0			1	0			1	"1 2 3 4 5"	1	1	1	1	1	0	0	0	1	0			1	0	3			1	3			1	1	0			11	3		29	1	4	1	0			5	1	0			6	1	0			7	1	0			8	1	0			9	1	0			10	1	0			1	3			99	2	3			99	3	3			99	4				4				4				1	0			1	0			1	0			1	0			1	0															0																																																																								2	3	1	1	1	2023-06-12	1	1	1	1	1	1	1	1	0	0	5	0	0	1	3	3	1	2	1	1
138008	"CSB1"	1	1	1	1	1	0	1	1	1	0	1		1	1	0		1	3	1	3			0	0	1	1	0	1	0	3	5	1	1	0													"5 6 7"	0	0	0	0	1	1	1	0	0	0	0	0	0	3	5	0		6	0		7	0															0																																							1	"6 7 8"	0	0	0	0	0	1	1	1	1			1	0	0							0	0	0					5	1	0												6	3		30										7	1	0																																																													1	0			3			1	1	0			1	"1 2 3 4 5 7"	1	1	1	1	1	0	1	0	1	0			1	1	1	0			1	0			1	0			11	3		15	2	4	1	0			5	1	0			6	1	0			7	1	0			8	1	0			9	1	0			10	1	0			1	1	0			2	4				3	4				4				4				4				1	0			1	0			1	0			1	0			1	0															0																																																																								2	6	1	1	1	2023-06-15	1	1	1	1	1	1	1	1	1	1	3	0	0	1	3	3	1	2	1	1
138037	"CSB1"	1	1	0	1	1	0	0	2	1	0	0			2	1			3	1	4		"SINGLE FORM TO FILL OUT"	0	0	1	1	1	1	1	3	3	0		0													"3 5 6 7 9"	0	0	1	0	1	1	1	0	1	0	0	0	0	5	3	1	3000	5	1	1000	6	1	1000	7	1	1000	9	0									0	1	1			"1 2 3 4 5 6 7"	1	1	1	1	1	1	1	0	1							1							0											0										1	2		19	35	6		15			2		10	8	0		0			3	1	0			1	0				1	0			5	1	1	60	7	4				4				6	1	0			4				4					7	1	0				4				4				9	1	0			4				4																										3			7	3		92	7	1	0			1	"1 2 3 4 5"	1	1	1	1	1	0	0	0	1	0			1	1	3		30	1	1	0			1	0			11	1	0			4	1	0			5	1	0			6	1	0			7	1	0			8	1	0			9	1	0			10	1	0			1	1	0			2	4				3	4				4				4				4				3		30	1	3		60	1	3		15	1	3		30	1	1	0															0																																																																								2	6	1	1	1	2023-06-05	1	1	1	1	1	1	1	1	1	0	5	0	0	1	1	2	1	2	1	1
138042	"CSB2"	1	1	0	1	1	0	1	1	1	0	1		1	1	1		1	3	1	3			0	0	1	1	0	0	0	3	4	1	1	0													"3 5 6 7 9"	0	0	1	0	1	1	1	0	1	0	0	0	0	5	3	1	2000	5	0		6	0		7	0		9	0									0	1	1			"1 2 3 4 5 6"	1	1	1	1	1	1	0	0	0	"1"	1	0	0	0	0	0	"1"	1	0	0	0	0	0	0										0										1	0		6	22	4		0			0		0	0	0		0			3	1	0			1	0				1	0			5	1	1	30	7	4				4				6	1	0			4				4					7	1	0				4				4				9	1	0			4				4																										1	0			1	1	60	7	1	0			1	"1 2 3 4 5"	1	1	1	1	1	0	0	0	1	0			1	1	3		90	7	3		90	7	1	0			11	3		15	1	4	1	0			5	1	0			6	1	0			7	3		15	1	8	1	0			9	1	0			10	1	0			1	1	0			2	4				3	4				4				4				4				1	1	30	1	1	0			1	0			1	0			1	0															0																																																																								1	3	1	1	1	2023-06-02	1	1	1	1	1	1	1	1	0	0	5	0	0	1	3	3	1	2	1	1
138056	"CSB1"	1	1	0	1	1	0	1	1	1	0	1		1	1	1		1	3	1	4		"SINGLE FORM TO FILL OUT"	0	0	1	1	1	1	1	3	4	1	1	0													"3 5 6 7 9"	0	0	1	0	1	1	1	0	1	0	0	0	0	5	3	0		5	0		6	0		7	0		9	0									0	1	1			"1 2 3 4 6"	1	1	1	1	0	1	0	0	1							1							1											0										1	10		21	42	6		0			0		1	0	0		0			3	3		15		1	1	30	4		1	0			5	1	1	60	7	4				4				6	1	0			4				4					7	1	0				4				4				9	1	0			4				4																										1	0			1	0			1	0			1	"1 2 3 4 5"	1	1	1	1	1	0	0	0	1	0			1	1	3		30	2	1	0			1	1	15	4	11	1	0			4	1	0			5	1	0			6	1	0			7	1	0			8	1	0			9	1	0			10	1	0			1	3		10	2	2	4				3	4				4				4				4				3		30	2	1	0			1	0			1	0			1	0															0																																																																								2	6	1	1	1	2023-06-10	1	1	1	1	1	1	1	1	0	0	5	0	0	1	3	4	1	3	1	2
148031	"CSB2"	1	1	0	1	1	0	1	0	1	0	1		1		1		1	3	1	4		"SINGLE FORM TO FILL OUT"	0	0	1	1	0	0	0	3	4	1	1	0													"3 5 6 7"	0	0	1	0	1	1	1	0	0	0	0	0	0	4	3	1	1000	5	0		6	0		7	0												0	1	1			"1 2 3 4 5 6 7"	1	1	1	1	1	1	1	0	1							1							1											0										1	1		117	191	66					1		5	3	2					3	1	0			2	0				2	0			5	1	1		7	4				4				6	1	0			4				4					7	1	0				4				4																																							3		10	2	3		90	1	1	0			1	"1 2 4 5"	1	1	0	1	1	0	0	0	1	0			1	1	1	0			1	0			1	0			11	1	0			4	1	0			5	1	0			6	1	0			7	1	0			8	1	0			9	1	0			10	1	0			1	3			8	2	4				3	4				4				4				4				1	0			1	0			1	0			1	0			1	0															0																																																																								2	3	1	1	1	2023-05-20	1	1	1	1	1	1	1	1	1	0	5	0	0	1	1	1	0			
148055	"CSB1"	1	1	0	2	1	0	2	0	1	0	1		1		1		1	2	0	3			0	0	1	1	1	1	0	6	6	1	1	0													"3 5 6 7 9"	0	0	1	0	1	1	1	0	1	0	0	0	0	5	3	0		5	0		6	0		7	0		9	0									0	1	1			"1 2 3 4 5 6 7"	1	1	1	1	1	1	1	0	1							1							1											0										0																			3	1	0			1	0				1	0			5	3		30		4				4				6	3		30		4				4					7	1	0				4				4				9	4				3		90	1	4																										2	0			1	0			1	0			1	"2 4 5"	0	1	0	1	1	0	0	0	1	0			1	0	3			99	3			99	1	0			11	1	0			4	1	0			5	1	0			6	1	0			7	1	0			8	1	0			9	1	0			10	1	0			1	3		90	1	2	3		90	1	3	3		90	1	4				4				4				2	0			1	0			1	0			1	0			1	0															0																																																																								2	3	1	1	99		99	99	99	1	1	1	1	1	1	0	5	0	0	1	2	2	1	2	1	1
152009	"CSB1"	1	1	1	2	1	0	0	2	1	0	0			1	1			3	1	1	"DISTANT"		1	0	1	1	1	1	1	3	3	1	1	0													"3 5 6 7 9 13"	0	0	1	0	1	1	1	0	1	0	0	0	1	6	3	0		5	0		6	0		7	0		9	0		13	0						0	1	1			"1 2 4 5 6 7"	1	1	0	1	1	1	1	0	1							1							1											1	"1 2 3 4 5 6 7 8"	1	1	1	1	1	1	1	1	1	59		33	41	14		4		0	13		4	0	1		0		0	3	1	0			1	0				1	0			5	1	0			1	0			1	0			6	1	0			1	0			1	0				7	1	0				1	0			1	0			9	1	0			1	0			1	0	13	1	0			1	0			1	0														3		90	99	3			1	1	0			1	"1 2 3 4 5"	1	1	1	1	1	0	0	0	1	0			1	1	1	0			1	0			1	0			11	2	1	30	7	4	2	0			5	2	0			6	2	0			7	2	0			8	2	0			9	2	0			10	2	0			1	3		25	1	2	4				3	4				4				4				1	0			3		27	1	1	0			3		8	1	3		30	1	1	0			360	6.0	480	8.0	360	6.0							0																																																																								2	6	1	1	2		1	2	1	1	1	1	1	1	0	0	5	0	1	1	1	1	0			
152030	"CSB2"	1	1	1	1	1	0	1	1	1	0	0		0	1	0			3	1	4		"DEPEND ON THE SUFFICIENCY OF DRUGS"	1	1	1	1	1	1	1	3	3	1	1	0													"3 5 6 7 9"	0	0	1	0	1	1	1	0	1	0	0	0	0	5	3	1	500	5	1	500	6	1	500	7	0		9	0									0	1	1			"1 2 3 4 5 6 7"	1	1	1	1	1	1	1	0	0	"1 4"	1	0	0	1	0	0	"1"	1	0	0	0	0	1	1										0										1	0		68	53	4		0			0		0	1	0		0			3	3		30		3		30	7		3		30	7	5	3		7		3		7	1	3		7	1	6	1	0			1	0			1	0				7	1	0				4				4				9	1	1	30	1	4				4																										4				1	0			1	0			1	"1 2 4 5 6 7"	1	1	0	1	1	1	1	0	1	0			1	1	1	0			1	0			1	0			11	1	0			4	1	0			5	1	0			6	1	0			7	1	0			8	1	0			9	1	0			10	1	0			1	1	0			2	4				3	3			1	4				4				1	0			3		90	1	1	0			1	0			1	0			1	0			300	5.0	420	7.0	300	5.0							0																																																																								2	6	1	1	2		1	2	98	0	1	1	1	1	0	0	5	1	1	1	2	2	1	1	1	0
223057	"CSB1"	2	2	1	1	1	0	1	1	1	0	1		1	1	0		0	3	0	1	"LACK OF MATERIALS"		0	0	0					3	4	0		1	"4"	0	0	0	1	0	0	0	0	0	1	3	"3 4 5 6 7 8 9 13"	0	0	1	1	1	1	1	1	1	0	0	0	1	8	3	0		4	0		5	1		6	1		7	1		8	1		9	0	13	0	0	1	1	1	1	"1 2 3 4 7"	1	1	1	1	0	0	1	0	0	"3"	0	0	1	0	0	1							1		"1 2 3 4 6"	1	1	1	1	0	1	0	0	0										1	0	0	20	6	26	0	0		0	0	0	0	0	0	0	0		0	3	3		64		1	0				1	0			4	3		90		1	0			1	0			5	3		78		4				4					6	3		90			4				4				7	3		17		4				4		8	3		90		4				4				9	1	0		4	4	13	3	90	4	4	3		90	7	3		90	7	1	0			1	"5 6 8"	0	0	0	0	1	1	0	1	1	0			1	1	1	0			3		20	2	1	0			11	3		5	2	4	1	0			5	1	0			6	1	0			7	1	0			8	1	0			9	1	0			10	1	0			1	1	0			2	3		90	1	3	3		90	1	4				3		90	7	4				3		15	2	3		90	10	1	0			3		34	2	1	0			780	13.0	1020	17.0	780	13.0							1	2023-06-01	"44 52"	0	0	0	0	0	0	0	0	0	0	0	0	0	0	0	0	0	0	0	0	0	0	0	0	0	0	0	0	0	0	0	0	0	0	0	0	0	0	0	0	0	0	0	1	0	0	0	0	0	0	0	1	0	0	0	0	"1 2"	1	1	0	0	0	"2 3"	0	1	1	0	0	0	1	6	1	1	1	2023-03-13	1	1	2	0	1	1	1	0	1	0	5	0	1	1	2	3	1	1	1	0
224005	"CSB2"	2	2	1	1	1	0	1	1	1	0	0		1	1	0			2	0	2	"DISTANT"		1	0	0					3	4	0		0													"3 5 6 7 9"	0	0	1	0	1	1	1	0	1	0	0	0	0	5	3	0		5	0		6	0		7	0		9	0									0	0	0			"1 2 3 5 7"	1	1	1	0	1	0	1	0	0	"4"	0	0	0	1	0	0	"4"	0	0	0	1	0	0	1										0										1	0		0	0	0		0			0		0	0	0		0			3	1	1	78	7										5	1	1	78	7									6	1	1	78	7										7	1	1	78	7										9	1	0																																	4				1	1	78	7	1	1	30	7	1	"1 2 3 4 5 6 7 8"	1	1	1	1	1	1	1	1	1	0			1	1	1	0			1	0			4				11	1	0			4	1	0			5	1	0			6	1	0			7	1	0			8	1	0			9	1	0			10	3		12	4	1	1	0			2	4				3	4				4				4				4				4				3		90	7	1	1	15	7	1	1	60	7	4				1440	24.0	1440	24.0	1440	24.0							1	2023-03-01	"38 39 40 41"	0	0	0	0	0	0	0	0	0	0	0	0	0	0	0	0	0	0	0	0	0	0	0	0	0	0	0	0	0	0	0	0	0	0	0	0	0	1	1	1	1	0	0	0	0	0	0	0	0	0	0	0	0	0	0	0	"2"	0	1	0	0	0	"1"	1	0	0	0	0	0	2	6	1	1	2		1	2	98	1	1	1	1	1	0	0	5	0	0	1	1	2	1	2	1	1
224017	"CSB1"	2	2	1	1	1	0	1	1	1	0	0		1	0	1			2	1	2	"TRANSPORTATION PROBLEM"		1	0	0					3	4	0		0													"3 5 6 7 9 10 13"	0	0	1	0	1	1	1	0	1	1	0	0	1	7	3	0		5	0		6	0		7	0		9	0		10	0		13	0			0	1	1			"1 2 3 4 5 7"	1	1	1	1	1	0	1	0	1							1							1											0										1	0		0	0	0		0	0	0	0		0	0	0		0	0	0	3	1	1	80	7	1	1	80	7		4				5	1	1	80	7	1	1	80	7	1	1	80	7	6	1	1	80	7	1	1	80	7	4					7	1	1	80	7		4				4				9	3		90		4				4		10	1	0			4				4				13	3		90	4	4						4				1	1	80	7	1	0			1	"2 3 4 5"	0	1	1	1	1	0	0	0	1	0			1	1	3		90	7	3		90	7	1	1	30	7	11	1	0			4	1	0			5	1	0			6	1	0			7	1	0			8	1	0			9	1	0			10	1	0			1	1	0			2	4				3	4				4				4				4				1	0			1	0			1	0			1	1	30	7	3		90	7	960	16.0											1	2023-02-01	"38 39 40 41"	0	0	0	0	0	0	0	0	0	0	0	0	0	0	0	0	0	0	0	0	0	0	0	0	0	0	0	0	0	0	0	0	0	0	0	0	0	1	1	1	1	0	0	0	0	0	0	0	0	0	0	0	0	0	0	0	"2"	0	1	0	0	0	"1"	1	0	0	0	0	0	1	6	1	1	2		1	2	98	1	1	1	1	1	1	0	5	0	1	1	3	4	1	1	1	0
224041	"CSB1"	2	2	0	1	1	0	0	1	1	0	0			1	1			3	1	2	"INSUFFICIENT STAFF"		0	0	1	1	1	1	1	3	4	1	1	0													"3 5 6 7 9"	0	0	1	0	1	1	1	0	1	0	0	0	0	5	3	0		5	0		6	0		7	0		9	0									1	1	1			"1 2 3 4 5 6 7"	1	1	1	1	1	1	1	0	1							1							1											0										1	12		30	13	22		0			0		3	2	1		0			3	1	0			1	0				1	0			5	1	1	80	7	1	1	80	7	1	1	80	7	6	1	1	80	7	1	1	80	7	1	0				7	1	1	80	7		4				4				9	1	0			4				4																										3		50	1	3		90	7	1	0			1	"1 2 4 5 7"	1	1	0	1	1	0	1	0	1	0			1	1	1	0			1	0			1	0			11	1	0			4	1	0			5	1	0			6	1	0			7	1	0			8	1	0			9	1	0			10	1	0			1	1	0			2	4				3	4				4				4				3		50	1	1	0			3		50	1	1	0			1	0			1	0			2160	36.0	2400	40.0	2160	36.0							0																																																																								1	6	1	1	2		1	2	2	0	1	1	1	1	1	0	5	0	1	1	2	2	0			
240019	"CSB2"	2	2	0	2	1	0	1	2	1	0	1		0	1	0		1	3	1	1	"LACK OF MATERIALS"		0	0	1	1	1	1	0	3	4	0		1	"1 3"	1	0	1	0	0	0	0	0	0	1	3	"3 5 6 7 9 13"	0	0	1	0	1	1	1	0	1	0	0	0	1	6	3	1	1500	5	0		6	0		7	0		9	0		13	0						0	0	0			"1 3 4"	1	0	1	1	0	0	0	0	0	"3 4"	0	0	1	1	0	0	"4"	0	0	0	1	0	0	1										0										1	2		33	2	10		0		0	2		1	0	0		0		0	3	3		29											5	3		90										6	3		90											7	1	0												9	3		45								13	3		56																					3		90	7	3		90	99	1	0			1	"7"	0	0	0	0	0	0	1	0	3		1	5	1	1	1	0			3		90	99	3		90	2	11	2	0			4	1	0			5	1	0			6	1	0			7	1	0			8	1	0			9	1	0			10	1	0			1	1	0			2	3		90	1	3	3		90	1	3		90	99	3		90	99	4				3		90	2	3		90	7	3		90	7	1	0			3		90	99	540	9.0	780	13.0	540	9.0	90	1.5			90	1.5	1	2023-06-01	"39 40 44 49 52"	0	0	0	0	0	0	0	0	0	0	0	0	0	0	0	0	0	0	0	0	0	0	0	0	0	0	0	0	0	0	0	0	0	0	0	0	0	0	1	1	0	0	0	1	0	0	0	0	1	0	0	1	0	0	0	0	"2"	0	1	0	0	0	"1"	0	0	0	0	0	1	2	6	1	1	99		2	2	2	1	1	1	1	1	1	1	5	1	1	1	3	4	1	1	1	0
240020	"CSB1"	2	2	1	1	1	0	1	1	1	0	1		1	1	1		1	3	0	1	"DISTANT"		0	0	0					2	4	0		1	"1 4"	1	0	0	1	0	0	0	0	0	1	3	"3 5 6 7 9"	0	0	1	0	1	1	1	0	1	0	0	0	0	5	3	1	5000	5	1	3000	6	1	3000	7	1	500	9	0									0	0	0			"1 3"	1	0	1	0	0	0	0	0	0	"3 4"	0	0	1	1	0	0	"4"	0	0	0	1	0	0	1										0										1	0		0	0	0		0			0		0	0	0		0			3	3		90											5	3		90										6	3		90											7	1	0												9	1	0																																	3		90	7	3		90	7	1	0			1	"1 2 3 4 5"	1	1	1	1	1	0	0	0	1	1	15	2	1	1	1	0			1	1	15	2	1	0			11	1	0			4	1	0			5	1	0			6	1	1	5	2	7	1	0			8	1	0			9	1	0			10	1	0			1	1	1	30	1	2	3		90	1	3	3		90	1	4				4				4				1	1	60	7	3		90	7	1	1	45	7	3		35	7	3		90	7	1020	17.0	1200	20.0	1080	18.0							1	2023-06-01	"2 5 11 38 39 40 41"	0	1	0	0	1	0	0	0	0	0	1	0	0	0	0	0	0	0	0	0	0	0	0	0	0	0	0	0	0	0	0	0	0	0	0	0	0	1	1	1	1	0	0	0	0	0	0	0	0	0	0	0	0	0	0	0	"2"	0	1	0	0	0	"1"	1	0	0	0	0	0	1	6	1	1	1	2023-05-22	1	1	3	1	1	1	1	1	1	1	2	0	1	1	3	4	1	1	1	0
241068	"CSB1"	2	2	0	2	1	0	1	1	1	0	1		0	0	1		1	3	1	2	"LACK OF DRUG / DISTANT"		1	0	0					3	4	0		1	"1 4"	1	0	0	1	0	0	0	0	0	1	3	"3 5 6 7 9 13"	0	0	1	0	1	1	1	0	1	0	0	0	1	6	3	1	1000	5	0		6	0		7	0		9	0		13	0						0	0	0			"1 2 3 5 7"	1	1	1	0	1	0	1	0	1							0	"2"	0	1	0	0	0	0	1										0										1	2		3	2	4		0		0	2		0	0	0		0		0	3	1	0												5	1	1	72	7									6	1	1	72	7										7	1	0												9	1	0									13	1	0																						3		90	1	1	0			1	0			1	"2 3 5"	0	1	1	0	1	0	0	0	1	0			1	1	1	0			3		62	10	1	0			11	3		87	3	4	3		87	3	5	3		87	3	6	3		87	3	7	3		87	3	8	3		87	3	9	3		87	3	10	3		87	3	1	3		86	3	2	3		90	1	3	3		90	1	4				3		90	1	4				1	1	67	7	3		90	10	1	1	26	7	1	0			1	0			1560	26.0	1920	32.0	1560	26.0							1	2023-02-01	"38 39 40 41"	0	0	0	0	0	0	0	0	0	0	0	0	0	0	0	0	0	0	0	0	0	0	0	0	0	0	0	0	0	0	0	0	0	0	0	0	0	1	1	1	1	0	0	0	0	0	0	0	0	0	0	0	0	0	0	0	"2"	0	1	0	0	0	"3"	0	0	1	0	0	0	1	6	1	1	2		2	2	99	1	1	1	1	1	1	0	5	0	1	1	2	2	0			
241078	"CSB1"	2	2	0	1	1	0	2	0	1	0	1		1		0		0	2	1	2	"LACK OF DRUG / DISTANT"		0	0	0					3	4	0		1	"4"	0	0	0	1	0	0	0	0	0	1	2	"3 5 6 7 9 13"	0	0	1	0	1	1	1	0	1	0	0	0	1	6	3	1	2000	5	1	1000	6	1	1000	7	1	500	9	0		13	0						0	1	1			"1 3 7"	1	0	1	0	0	0	1	0	0	"3"	0	0	1	0	0	1							0											0										0																			3	3		90		1	0				1	0			5	3		90		4				4				6	3		90		4				4					7	3		90			4				4				9	1	0			4				4		13	3		90		4				4															3		90	7	3		90	7	1	0			1	"5"	0	0	0	0	1	0	0	0	1	0			1	1	1	0			3		90	7	1	1	23	7	11	3		87	3	4	3		87	3	5	3		87	3	6	3		87	3	7	3		87	3	8	3		87	3	9	3		87	3	10	3		87	3	1	3		87	3	2	3		90	1	3	3		90	1	4				3		90	1	4				3		90	7	3		90	10	3		18	7	3		90	7	3		90	7	1740	29.0	2040	34.0	1740	29.0							1	2023-07-01	"38 39 40 41 44 45 52"	0	0	0	0	0	0	0	0	0	0	0	0	0	0	0	0	0	0	0	0	0	0	0	0	0	0	0	0	0	0	0	0	0	0	0	0	0	1	1	1	1	0	0	1	1	0	0	0	0	0	0	1	0	0	0	0	"1"	1	0	0	0	0	"1"	1	0	0	0	0	0	2	6	1	1	1	2023-05-15	2	1	2	1	1	1	1	1	1	0	5	0	1	1	4	4	0			
241079	"CSB2"	2	2	1	1	1	0	2	1	1	0	1		0	1	0		1	3	0	1	"DISTANT"		0	0	0					3	4	0		1	"3"	0	0	1	0	0	0	0	0	0	1	3	"3 4 5 6 7 9 13"	0	0	1	1	1	1	1	0	1	0	0	0	1	7	3	1	3000	4	1	3000	5	1	1000	6	1	1000	7	0		9	0		13	0			0	0	0	1	1	"1 3 5 7"	1	0	1	0	1	0	1	0	1							1							1		"1 2 3 4 5 6"	1	1	1	1	1	1	0	0	0										0																			3	1	1	89	7						1	0			4	1	0							2	0			5	1	1	89	7					4					6	1	1	89	7						4				7	1	0							4		9	1	0							4				13	3		90		4						3		90	1	1	1	14	2	1	0			1	"2 5 7"	0	1	0	0	1	0	1	0	1	1	4	2	1	1	1	0			1	0			1	0			11	1	0			4	1	0			5	1	0			6	3		7	2	7	3		7	1	8	1	0			9	1	0			10	1	0			1	1	0			2	3		90	1	3	3		90	1	4				3		90	1	4				3		23	7	3		90	10	1	1	15	2	3		90	7	1	0			1620	27.0	1920	32.0	1620	27.0							1	2023-02-01	"38 39 40 41 44"	0	0	0	0	0	0	0	0	0	0	0	0	0	0	0	0	0	0	0	0	0	0	0	0	0	0	0	0	0	0	0	0	0	0	0	0	0	1	1	1	1	0	0	1	0	0	0	0	0	0	0	0	0	0	0	0	"2"	0	1	0	0	0	"1"	1	0	0	0	0	0	1	6	1	1	2		1	2	3	1	1	1	0	1	1	0	5	0	1	1	2	2	1	1	1	0
241086	"CSB1"	2	2	1	2	1	0	2	0	1	0	1		0		1		1	3	1	1	"LACK OF DRUG / DISTANT"		0	0	0					3	5	0		1	"1 4"	1	0	0	1	0	0	0	0	0	1	3	"3 5 6 7 9"	0	0	1	0	1	1	1	0	1	0	0	0	0	5	3	1	5000	5	1	1000	6	1	1000	7	1	500	9	0									0	1	1			"1 2 7"	1	1	0	0	0	0	1	0	0	"2 3 4"	0	1	1	1	0	0	"2 4"	0	1	0	1	0	0	1										0										0																			3	3		70		1	0				1	0			5	3		45		4				4				6	3		75		4				4					7	3		90			4				4				9	1	0			4				4																										3		90	7	3		90	1	1	0			3										1	1	23	2	1	1	1	0			3		17	1	3		45	7	11	3		87	3	4	3		87	3	5	3		87	3	6	3		87	3	7	3		87	3	8	3		87	3	9	3		87	3	10	3		87	3	1	3		90	1	2	3		90	1	3	3		90	1	4				3		90	1	4				3		90	7	3		90	1	1	0			3		47	1	3		75	1	1740	29.0	2040	34.0	1740	29.0							1	2023-07-01	"52"	0	0	0	0	0	0	0	0	0	0	0	0	0	0	0	0	0	0	0	0	0	0	0	0	0	0	0	0	0	0	0	0	0	0	0	0	0	0	0	0	0	0	0	0	0	0	0	0	0	0	0	1	0	0	0	0	"2"	0	1	0	0	0	"1"	1	0	0	0	0	0	1	6	1	1	2		2	2	99	1	1	1	1	1	1	1	5	0	1	1	2	2	0			
242067	"CSB2"	2	2	0	1	1	0	2	0	1	0	1		1		1		1	3	1	2	"LACK OF MATERIALS"		0	0	0					3	4	0		1	"1 3"	1	0	1	0	0	0	0	0	0	1	3	"3 5 6 7 9 10"	0	0	1	0	1	1	1	0	1	1	0	0	0	6	3	1	1500	5	0		6	0		7	0		9	0		10	0						0	1	1			"1 2 3 5 7"	1	1	1	0	1	0	1	0	1							0	"4"	0	0	0	1	0	0	1										0										1	0		1	1	0		15	0		0		0	0	0		6	0		3	1	1	87	7	1	0				1	0			5	1	1	87	7	4				4				6	1	1	87	7	4				4					7	1	1	87	7		4				4				9	1	0			4				4		10	3		90		4				4															3		90	7	3		90	7	1	0			1	"1 2 3 5"	1	1	1	0	1	0	0	0	1	0			1	1	1	0			1	0			1	0			11	1	0			4	1	0			5	1	0			6	1	0			7	1	0			8	1	0			9	1	0			10	1	0			1	1	0			2	3		90	1	3	3		90	1	4				4				4				3		90	7	3		90	7	1	0			1	0			1	0			960	16.0	1140	19.0	960	16.0							1	2023-06-01	"2 11 44"	0	1	0	0	0	0	0	0	0	0	1	0	0	0	0	0	0	0	0	0	0	0	0	0	0	0	0	0	0	0	0	0	0	0	0	0	0	0	0	0	0	0	0	1	0	0	0	0	0	0	0	0	0	0	0	0	"2"	0	1	0	0	0	"3"	0	0	1	0	0	0	1	6	1	1	1	2023-02-16	2	1	0	1	1	1	1	1	1	0	5	0	1	1	4	5	1	1	1	0
249071	"CSB1"	2	2	0	2	1	0	2	1	1	0	1		0	1	1		1	3	0	1	"LONG PROCESS / DISTANT"		0	0	0					3	4	0		1	"3 4"	0	0	1	1	0	0	0	0	0	1	3	"3 5 6 7 9 10"	0	0	1	0	1	1	1	0	1	1	0	0	0	6	3	1	1500	5	0		6	0		7	0		9	0		10	0						0	1	0			"1 2 3 4 5 7"	1	1	1	1	1	0	1	0	1							0	"4"	0	0	0	1	0	0	1										0										1	0		0	0	0		0	0		0		0	0	0		0	0		3	1	1	87	7	1	0								5	1	1	87	7	4								6	1	1	87	7	4									7	1	1	87	7		4								9	1	0			4						10	3		90		4																			3		36	7	1	0			1	0			1	"2 4 5 7"	0	1	0	1	1	0	1	0	1	0			1	1	1	0			3		90	1	2	0			11	3		82	3	4	3		82	3	5	3		82	3	6	3		82	3	7	3		82	3	8	3		82	3	9	3		82	3	10	3		82	3	1	3		81	3	2	3		90	1	3	3		90	1	3		90	7	3		90	7	4				1	1	87	7	3		90	10	2	0			3		90	7	3		90	7	1200	20.0	1440	24.0	1200	20.0							1	2023-03-01	"44"	0	0	0	0	0	0	0	0	0	0	0	0	0	0	0	0	0	0	0	0	0	0	0	0	0	0	0	0	0	0	0	0	0	0	0	0	0	0	0	0	0	0	0	1	0	0	0	0	0	0	0	0	0	0	0	0	"2"	0	0	0	0	1	"1"	1	0	0	0	0	0	2	6	1	1	1	2023-03-10	1	1	2	1	1	1	1	1	1	1	5	0	1	1	3	3	0			
249073	"CSB1"	2	2	1	1	1	0	1	1	1	0	0		0	1	0			3	1	1	"DISTANT"		0	0	0					3	4	0		1	"3"	0	0	1	0	0	0	0	0	0	1	3	"3 5 6 7 9"	0	0	1	0	1	1	1	0	1	0	0	0	0	5	3	1	5000	5	1	2000	6	1	2000	7	1	1000	9	0									0	1	1			"1 2 3 4 5 7"	1	1	1	1	1	0	1	0	1							1							1											0										1	2		15	1	0		5			1		0	1	0		0			3	1	1	70	7	1	0				1	0			5	1	1	70	7	4				4				6	1	1	70	7	4				4					7	1	1	70	7		4				4				9	1	0			4				4																										4				3		87	7	1	0			1	"1 2 3 4 5"	1	1	1	1	1	0	0	0	1	0			1	1	1	0			1	0			1	0			11	3		87	1	4	3		87	1	5	3		87	1	6	3		87	1	7	3		87	1	8	3		87	1	9	3		87	1	10	3		87	1	1	3		85	1	2	3		90	1	3	3		90	1	4				3		90	1	4				1	1	48	7	3		90	7	1	0			1	0			3		90	7	960	16.0	1200	20.0	960	16.0							1	2023-02-01	"5 11"	0	0	0	0	1	0	0	0	0	0	1	0	0	0	0	0	0	0	0	0	0	0	0	0	0	0	0	0	0	0	0	0	0	0	0	0	0	0	0	0	0	0	0	0	0	0	0	0	0	0	0	0	0	0	0	0	"2"	0	1	0	0	0	"1"	0	0	0	0	0	1	1	6	1	1	2		2	2	2	1	1	1	1	1	1	0	5	0	1	1	2	3	0			
249087	"CSB2"	2	2	1	2	1	0	2	1	1	0	2		0	1	0		1	3	1	2	"LACK OF DRUG / DISTANT"		0	0	1	1	0	1	0	2	4	0		1	"3"	0	0	1	0	0	0	0	0	0	1	3	"3 5 6 7 9 13"	0	0	1	0	1	1	1	0	1	0	0	0	1	6	3	1	1000	5	0		6	0		7	0		9	0		13	0						0	0	0			"1 2 3 5 7"	1	1	1	0	1	0	1	0	1							1							0											0										0																			3	1	1	66	7										5	1	1	66	7									6	1	1	66	7										7	1	1	66	7										9	1	0									13	2	0																						3		63	7	3		90	7	3		90	7	1	"2 3 4 5 7"	0	1	1	1	1	0	1	0	1	0			1	1	1	0			1	0			1	0			11	1	0			4	1	0			5	1	0			6	3		16	2	7	1	0			8	1	0			9	1	0			10	1	0			1	1	0			2	3		90	1	3	3		90	1	3		90	1	3		90	1	4				3		56	7	3		90	7	1	0			3		90	7	3		90	7	1020	17.0	1200	20.0	1020	17.0							1	2023-05-01	"1 2 5 11"	1	1	0	0	1	0	0	0	0	0	1	0	0	0	0	0	0	0	0	0	0	0	0	0	0	0	0	0	0	0	0	0	0	0	0	0	0	0	0	0	0	0	0	0	0	0	0	0	0	0	0	0	0	0	0	0	"2"	0	1	0	0	0	"1"	1	0	0	0	0	0	1	6	1	1	2		1	2	3	1	1	0	1	1	1	1	5	0	1	1	2	3	1	1	1	0
249107	"CSB1"	2	2	0	1	1	0	1	2	1	0	0		1	2	0			3	0	1	"LONG PROCESS / DISTANT"		0	0	1	1	0	1	0	3	4	0		1	"1 3"	1	0	1	0	0	0	0	0	0	1	3	"3 5 6 7 9 13"	0	0	1	0	1	1	1	0	1	0	0	0	1	6	3	1	1000	5	0		6	0		7	0		9	0		13	0						0	0	0			"1 2 3 7"	1	1	1	0	0	0	1	0	0	"3 4"	0	0	1	1	0	1							1											0										1	0		0	0	0		0		0	0		0	0	0		0		0	3	3		90											5	3		90										6	3		90											7	3		34											9	1	0									13	2	0																						3		90	7	3		90	2	1	0			1	"1 2 3 4 5 7"	1	1	1	1	1	0	1	0	1	0			1	1	1	0			1	0			1	0			11	1	0			4	1	0			5	1	0			6	1	0			7	1	0			8	1	0			9	1	0			10	1	0			1	1	0			2	3		90	1	3	3		90	1	4				3		90	1	4				3		30	2	3		90	7	3		3	2	1	0			3		90	7	960	16.0	1200	20.0	1080	18.0							1	2023-04-01	"1 2 11"	1	1	0	0	0	0	0	0	0	0	1	0	0	0	0	0	0	0	0	0	0	0	0	0	0	0	0	0	0	0	0	0	0	0	0	0	0	0	0	0	0	0	0	0	0	0	0	0	0	0	0	0	0	0	0	0	"2"	0	1	0	0	0	"1"	1	0	0	0	0	0	1	6	1	1	2		1	2	2	1	1	1	1	1	1	1	5	0	1	1	4	4	1	1	1	0
305013	"CSB1"	2	3	0	1	1	0	1	1	1	0	2		1	1	0		0	2	0	2	"UNAVAILABILITY"		1	0	0					3	4	0		0													"3 5 6 7 9 13"	0	0	1	0	1	1	1	0	1	0	0	0	1	6	3	1	2000	5	0		6	0		7	0		9	0		13	0						0	1	1			"1 2 3 4 5 7"	1	1	1	1	1	0	1	0	1							1							0											0										0																			3	1	1	60	7	3		90	7		3		90	7	5	1	1	90	7	4				4				6	1	0			4				4					7	1	1	30	7		4				4				9	1	0			4				4		13	1	0			4				4															4				3		1	5	1	0			1	"2 3 4 5 6"	0	1	1	1	1	1	0	0	1	0			1	1	3		30	2	1	0			1	0			11	2	1	30	7	4	2	0			5	2	0			6	2	0			7	2	0			8	2	0			9	2	0			10	2	0			1	2	0			2	3		90	7	3	3		90	7	4				2	0			4				2	0			1	0			1	0			3		30	3	3		30	7	1020	17.0	1200	20.0	1020	17.0							1	2023-02-01	"1 7 11 25 38 46"	1	0	0	0	0	0	1	0	0	0	1	0	0	0	0	0	0	0	0	0	0	0	0	0	1	0	0	0	0	0	0	0	0	0	0	0	0	1	0	0	0	0	0	0	0	1	0	0	0	0	0	0	0	0	0	0	"1"	0	1	0	0	1	"1 2 3"	1	1	1	0	0	0	1	6	1	1	1	2023-03-25	1	1	2	1	1	1	1	1	1	0	5	0	0	1	2	3	0			
305034	"CSB1"	2	3	0	2	1	0	2	0	1	0	1		1		0		0	3	1	2	"UNAVAILABILITY"		1	0	0					3	5	1	1	0													"3 5 6 7 9"	0	0	1	0	1	1	1	0	1	0	0	0	0	5	3	1	2000	5	0		6	0		7	0		9	0									0	1	1			"1 2 3 4 6 7"	1	1	1	1	0	1	1	0	0	"3"	0	0	1	0	0	1							0											0										0																			3	3		14		3		14	2		2	0			5	3		7		4				4				6	3		7		4				4					7	1	1	30	5		4				4				9	1	0			4				4																										4				1	0			3		90	8	3										3		5	2	1	1	3		90	2	1	0			1	0			11	3		30	2	4	2	0			5	2	0			6	2	0			7	2	0			8	2	0			9	2	0			10	2	0			1	2	0			2	4				3	4				4				1	0			4				1	0			3		90	2	1	0			3		60	1	1	0			600	10.0	720	12.0	600	10.0							0																																																																								2	6	1	1	2		1	2	99	1	1	1	1	1	0	0	2	0	1	1	3	4	0			
305043	"CSB2"	2	3	1	2	1	0	2	0	1	0	1		1		0		0	3	1	2	"LONG PROCESS"		0	1	1	1	1	1	1	3	5	0		0													"3 5 6 7"	0	0	1	0	1	1	1	0	0	0	0	0	0	4	3	0		5	0		6	0		7	0												0	1	1			"1 2 3 4 6 7"	1	1	1	1	0	1	1	0	0	"3"	0	0	1	0	0	1							1											0										1	3		0	0	0					0		0	0	0					3	3		21		3		21	1		2	0			5	3		51		3		51	7	4				6	3		30		4				4					7	3		60			4				4																																							3		60	2	2	1	30	3	3		30	3	3										2	0			1	1	2	0			2	0			2	0			11	1	0			4	1	0			5	1	0			6	1	0			7	1	0			8	1	0			9	1	0			10	1	0			1	1	0			2	4				3	4				3		90	1	1	0			4				1	0			3		90	1	1	1	10	5	1	0			3		90	1													0																																																																								1	6	1	1	1	2023-03-15	2	1	3	1	1	1	1	1	0	0	2	1	0	1	3	99	1	1	1	0
305044	"CSB1"	2	3	1	1	1	0	2	1	1	0	2		1	1	0		1	7	0	4		"COLLABORATION"	0	0	1	1	1	1	1	3	4	0		1	"4 5"	0	0	0	1	1	0	0	0	0	0		"3 5 6 7 9"	0	0	1	0	1	1	1	0	1	0	0	0	0	5	3	0		5	0		6	0		7	0		9	0									0	1	1			"1 2 3 4 5 7"	1	1	1	1	1	0	1	0	1							1							0											0										1	2		0	42	3		0			2		0	7	0		0			3	1	0			3		90	7		3		90	7	5	3		30		4				4				6	3		15		4				4					7	1	0				4				4				9	2	0			4				4																										3		90	7	1	1	30	7	3		30	7	1	"1 3 4 5 6 8"	1	0	1	1	1	1	0	1	1	0			1	1	1	0			2	0			1	0			11	1	0			4	1	0			5	1	0			6	1	0			7	1	0			8	1	0			9	1	0			10	1	0			1	1	1	30	7	2	4				3	4				4				1	0			4				1	0			3		30	7	1	0			3		90	2	1	0			1200	20.0	1800	30.0	1200	20.0	1200	20.0	1800	30.0	1200	20.0	0																																																																								1	6	1	1	2		1	2	0	1	1	1	1	1	0	0	2	1	1	1	3	3	1	1	1	0
305070	"CSB2"	2	3	0	1	1	0	1	1	1	0	1		1	0	0		1	2	0	1	"DISTANT"		1	0	0					3	4	0		0													"3 5 6 7 9 10 13"	0	0	1	0	1	1	1	0	1	1	0	0	1	7	3	0		5	0		6	0		7	0		9	0		10	0		13	0			0	1	1			"1 2 3 4 5 7"	1	1	1	1	1	0	1	0	1							1							1											0										1	7		0	8	0		0	0	0	0		0	0	0		0	0	0	3	3		10		3		90	7		3		90	7	5	1	1	90	7	4				4				6	1	0			4				4					7	3		90			4				4				9	1	0			4				4		10	3		90		4				4				13	3		90	4	4						3		90	7	1	0			3		15	2	1	"2 3 4 5 6"	0	1	1	1	1	1	0	0	1	0			1	1	1	0			1	0			1	0			11	1	0			4	1	0			5	1	0			6	1	0			7	1	0			8	1	0			9	1	0			10	1	0			1	1	0			2	3		90	7	3	3		90	7	4				3		30	2	4				1	0			3		60	2	1	0			1	0			3		90	7	600	10.0	1440	24.0	600	10.0							0																																																																								2	6	1	1	1	2023-04-14	1	1	1	1	1	1	1	1	1	1	2	0	1	1	3	4	1	1	1	0
306002	"CSB1"	2	3	1	1	1	0	1	0	1	1	1		1		1	0	1	2	1	4		"ALREADY TRAINED"	0	0	0					3	4	1	1	0													"3 5 6 7 9"	0	0	1	0	1	1	1	0	1	0	0	0	0	5	3	0		5	0		6	0		7	0		9	0									0	1	1			"1 2 3 4 5 6"	1	1	1	1	1	1	0	0	1							1							0											0										1	7		0	6	2		0			2		0	0	0		0			3	1	0			3		90	7		1	0			5	3		60		4				4				6	1	0			4				4					7	1	0				4				4				9	1	0			4				4																										4				1	0			1	0			1	"2 3 4 5 6 8"	0	1	1	1	1	1	0	1	1	0			1	1	1	0			1	0			1	0			11	1	0			4	1	0			5	1	0			6	1	0			7	1	0			8	1	1	20	7	9	3		30	7	10	1	0			1	1	0			2	4				3	4				4				1	0			1	0			1	0			1	0			1	0			1	0			1	0															0																																																																								1	1	1	1	1	2023-04-15	1	1	2	1	1	1	1	1	0	0	2	1	1	1	4	5	1	2	1	1
306004	"CSB1"	2	3	0	1	1	0	2	1	1	0	1		1	1	1		2	2	0	2	"DRUG PRICE VARIATION"		1	0	1	1	1	1	1	2	4	0		1	"1"	1	0	0	0	0	0	0	0	0	0		"3 5 6 7 9 10 13"	0	0	1	0	1	1	1	0	1	1	0	0	1	7	3	0		5	0		6	0		7	0		9	0		10	0		13	0			0	1	1			"1 2 3 4 5 6 7"	1	1	1	1	1	1	1	0	1							1							1											0										1	62		57	219	227		62	0	0	3		0	3	5		0	0	0	3	1	0			3		60	7		1	0			5	1	1	60	7	4				4				6	1	1	20	7	4				4					7	1	1	25	7		4				4				9	1	1	15	7	4				4		10	1	0			4				4				13	1	0		4	4						3		90	7	1	0			1	0			1	"1 2 3 4 6"	1	1	1	1	0	1	0	0	1	0			1	1	1	0			1	0			1	1	30	7	11	1	0			4	1	0			5	1	0			6	1	0			7	3		15	7	8	1	0			9	1	0			10	3		15	7	1	1	0			2	3		90	7	3	3		90	7	4				1	0			4				1	0			3		30	7	1	0			1	0			1	1	60	7	240	4.0	300	5.0	240	4.0							0																																																																								1	6	1	1	1	2023-06-02	1	1	3	1	1	1	1	1	0	1	2	1	1	1	4	4	1	1	1	0
306027	"CSB2"	2	3	1	1	1	1	1	1	1	0	0	1	0	1	1	0		3	1	5		"HAVING EXPERIENCE"	0	0	0					3	4	0		0													"3 5 6 7"	0	0	1	0	1	1	1	0	0	0	0	0	0	4	3	0		5	0		6	0		7	0			0									0	1	1			"1 2 3 7"	1	1	1	0	0	0	1	0	1							1							1											0										1	21		0	65	7					5		0	23	7					3	3		14		3		14	7		3		14	7	5	4				4				4				6	3		14		4				4					7	1	0				4				4					4				4				4																										4				1	1	30	7	1	0			1	"2 4 5 6"	0	1	0	1	1	1	0	0	1	0			1	0	1	0			1	0			1	0			11	3		21	7	4	1	0			5	3		14	7	6	3		14	7	7	3		21	7	8	3		21	7	9	1	0			10	3		14	7	1	1	0			2	4				3	4				4				4				4				4				4				1	0			1	0			1	1	30	7	360	6.0	600	10.0	360	6.0	360	6.0	600	10.0	360	6.0	0																																																																								1	7	1	1	1	2023-06-02	1	1	3	1	1	1	1	1	0	1	2	1	1	1	4	5	1	1	1	0
306033	"CSB1"	2	3	0	1	1	0	1	1	0	0	0		1	0				2	1	2	"MOVING CONDITION PROBLEM / DISTANT"		1	0	1	1	1	1	1	1	4	0		1	"1"	1	0	0	0	0	0	0	0	0	0		"3 5 6 7 9 13"	0	0	1	0	1	1	1	0	1	0	0	0	1	6	3	1	2500	5	1	1000	6	1	1000	7	0		9	0		13	0						0	0	0			"1 2 3 4 5 6"	1	1	1	1	1	1	0	0	1							1							1											0										1	12		0	26	15		5		0	3		0	2	4		3		0	3	1	1	15	7										5	1	1	30	7									6	1	0												7	1	0												9	1	0									13	1	0																						4				1	0			1	0			1	"1 2 3 4 5 6"	1	1	1	1	1	1	0	0	1	0			1	1	1	0			1	0			1	0			11	1	0			4	1	0			5	2	0			6	1	0			7	1	0			8	1	0			9	1	0			10	1	0			1	1	0			2	4				3	1	0			4				1	0			4				1	0			1	0			1	0			1	0			3		15	2	480	8.0	2880	48.0	480	8.0							0																																																																								1	7	1	99	2		1	2	1	1	1	1	1	1	1	1	2	1	1	1	4	4	1	1	1	0
308050	"CSB1"	2	3	0	2	1	0	0	2	1	0	1			1	1		1	3	1	3			0	0	0					3	4	1	1	0													"3 5 6 7 9"	0	0	1	0	1	1	1	0	1	0	0	0	0	5	3	0		5	0		6	0		7	0		9	0									0	1	1			"1 3 7"	1	0	1	0	0	0	1	0	0	"3"	0	0	1	0	0	1							1											0										1	1		1	43	10		1			1		0	0	1		0			3	3		1		3		1	3		3		90	7	5	3		60		3		60	7	4				6	1	0			4				4					7	1	0				4				4				9	1	0			4				4																										1	0			1	0			1	0			1	"1 2 3 4 5 6"	1	1	1	1	1	1	0	0	1	0			1	0	1	0			1	0			1	0			11	1	0			4	1	0			5	1	0			6	1	0			7	1	0			8	1	0			9	1	0			10	1	0			1	1	0			2	4				3	3		45	1	4				4				4				1	0			1	0			3		3	2	1	0			3		30	2													0																																																																								1	7	1	1	2		1	2	3	1	1	1	1	1	0	0	2	0	1	1	3	4	1	1	0	1
308062	"CSB2"	2	3	0	2	1	0	1	2	1	0	1		0	2	1		1	3	1	3			0	0	1	1	1	1	1	3	4	0		0													"3 5 6 7 9 13"	0	0	1	0	1	1	1	0	1	0	0	0	1	6	3	0		5	0		6	0		7	0		9	0		13	0						0	1	1			"3 4 5 7"	0	0	1	1	1	0	1	0	0	"4"	0	0	0	1	0	1							1											0										1	0		0	131	78		0		0	0		0	3	0		0		0	3	1	1	30	2	3		48	77	"LOST PRODUCTS"	1	0			5	1	1	30	7	1	1	30	7	4				6	1	0			4				4					7	1	0				4				4				9	3		90		4				4		13	1	0			4				4															4				1	0			1	0			1	"1 2 3 4 5 6"	1	1	1	1	1	1	0	0	1	0			0	1	1	0			1	0			1	0			11	1	0			4	1	0			5	1	0			6	1	0			7	1	0			8	1	0			9	1	0			10	1	0			1	1	0			2	4				3	4				4				3		7	1	4				1	0			1	0			1	0			1	0			1	0			180	3.0	300	5.0	180	3.0							0																																																																								1	7	1	1	2		1	2	3	1	1	1	1	1	0	0	2	0	1	1	3	3	1	1	1	0
309064	"CSB2"	2	3	1	2	1	0	3	2	1	0	0		0	2	1			3	1	3			1	0	0					3	5	0		1	"1"	1	0	0	0	0	0	0	0	0	1	2	"3 5 6 7 8 9 10 13"	0	0	1	0	1	1	1	1	1	1	0	0	1	8	3	0		5	0		6	0		7	0		8	0		9	0		10	0	13	0	0	1	1			"1 2 3 4 5 6 7"	1	1	1	1	1	1	1	0	0	"4"	0	0	0	1	0	0	"4"	0	0	0	1	0	1	1										0										1	5		36	21	8	0	0	0	0	1		9	7	1	0	0	0	0	3	1	0			3		30	4		3		30	4	5	1	0			4				4				6	1	0			4				4					7	1	0				4				4				8	3		7		4				4		9	1	0			4				4				10	3		90	4	4	13	3	90	4	4	4				1	0			1	0			1	"2 4 5 6"	0	1	0	1	1	1	0	0	1	0			1	1	1	0			1	0			1	0			11	1	0			4	1	0			5	1	0			6	1	0			7	1	0			8	1	0			9	1	0			10	1	0			1	1	0			2	4				3	4				3		90	7	1	0			4				1	0			4				1	0			3		30	7	3		30	7	60	1.0	90	1.5	60	1.0	60	1.0	90	1.5	60	1.0	0																																																																								2	7	1	1	1	2023-04-07	1	1	3	1	1	1	1	1	0	0	5	0	0	1	3	3	1	1	1	0
319026	"CSB1"	2	3	0	1	1	0	2	1	1	0	1		2	1	0		1	2	1	2	"LONG PROCESS"		1	1	1	1	1	1	1	3	4	0		1	"1"	1	0	0	0	0	0	0	0	0	1	2	"3 4 5 6 7 9"	0	0	1	1	1	1	1	0	1	0	0	0	0	6	3	0		4	0		5	0		6	0		7	0		9	0						0	1	1	1	1	"1 2 3 4 6 7"	1	1	1	1	0	1	1	0	0	"3"	0	0	1	0	0	1							1		"1 2 3 4 6"	1	1	1	1	0	1	0	0	0										1	15	0	0	210	108		96			0	0	0	3	0		0			3	3		7		3		7	4		3		7	4	4	1	0			1	0			1	0			5	1	0			4				4					6	1	0				4				4				7	1	0			4				4		9	1	0			4				4															1	0			1	0			1	0			1	"1 2 3 4 5 6"	1	1	1	1	1	1	0	0	1	0			1	1	1	0			1	0			1	0			11	1	0			4	1	0			5	1	0			6	1	0			7	1	0			8	1	0			9	1	0			10	1	0			1	1	0			2	4				3	4				4				1	0			4				1	0			3		90	7	1	0			1	0			1	0			120	2.0	180	3.0	120	2.0							0																																																																								1	7	1	1	2		1	2	3	1	1	1	1	1	0	0	2	1	1	1	4	4	1	1	1	0
320077	"CSB2"	2	3	1	1	1	0	1	2	1	0	2		1	1	0		1	3	1	4		"SHORT TREATMENT TIME"	1	0	1	1	1	1	1	2	4	1	1	0													"3 5 6 7 9"	0	0	1	0	1	1	1	0	1	0	0	0	0	5	3	1	1500	5	0		6	0		7	0		9	0									0	1	1			"1 2 3 4 5"	1	1	1	1	1	0	0	0	1							1							1											0										0																			3	1	1		2	1	0				1	0			5	1	1	14	7	4				4				6	1	1	14	7	4				4					7	3		30			4				4				9	3		30		4				4																										1	0			1	0			1	0			1	"2 3 4 7 8"	0	1	1	1	0	0	1	1	1	0			1	1	1	0			1	0			1	0			11	1	0			4	1	0			5	1	0			6	1	0			7	1	0			8	1	0			9	1	0			10	1	0			1	1	0			2	3		90	7	3	3		90	7	4				1	0			4				1	0			3		90	7	1	0			1	0			1	0			240	4.0	480	8.0	240	4.0							0																																																																								1	6	1	1	2		1	2	99	1	1	1	1	1	1	1	2	1	1	1	4	4	1	1	1	0
326048	"CSB1"	2	3	1	1	1	0	0	1	1	1	1			1	1	0	1	3	1	3			0	0	0					3	4	0		0													"3 5 6 7 9"	0	0	1	0	1	1	1	0	1	0	0	0	0	5	3	0		5	0		6	0		7	0		9	0									0	1	1			"1 2 3 4 5 7"	1	1	1	1	1	0	1	0	1							1							0											0										1	10		0	0	1		3			1		0	0	0		0			3	1	1	30	7	1	1	30	7		1	1	30	7	5	1	1	90	7	4				4				6	1	1	60	7	4				4					7	1	1	30	7		4				4				9	1	0			4				4																										1	0			1	0			1	0			1	"1 2 3 4 5 6"	1	1	1	1	1	1	0	0	1	1	5	7	1	1	1	0			1	0			1	0			11	1	1	30	7	4	1	1	14	7	5	1	0			6	1	0			7	1	1	14	7	8	1	0			9	1	1	14	7	10	1	0			1	1	0			2	4				3	4				4				1	0			1	1	90	7	1	1	60	7	3		90	7	1	1	7	7	1	0			1	1	90	7	2880	48.0	2880	48.0	2880	48.0	2880	48.0	2880	48.0	2880	48.0	0																																																																								1	7	1	1	1	2023-01-08	1	1	1	1	1	0	1	1	1	0	5	1	1	1	5	5	1	2	1	1
326081	"CSB1"	2	3	1	1	1	0	0	2	1	0	1			2	0	0	0	2	1	4		"ENOUGH TIME"	0	0	0					3	4	0		0													"3 5 6 7 9 13"	0	0	1	0	1	1	1	0	1	0	0	0	1	6	3	0		5	0		6	0		7	0		9	0		13	0						0	1	1			"1 2 3 4 5"	1	1	1	1	1	0	0	0	1							1							0											1	"2 6"	0	1	0	0	0	1	0	0	1	8		0	51	9		0		0	6		0	20	3		0		0	3	1	0			3		90	7		3		90	7	5	3		90		3		90	7	3		90	7	6	1	0			4				4					7	1	0				4				4				9	1	0			4				4		13	1	0			4				4															3		90	7	1	0			1	0			1	"1 2 3 4 5 6"	1	1	1	1	1	1	0	0	1	0			1	1	1	0			1	0			1	0			11	1	1	14	7	4	1	0			5	1	0			6	1	0			7	1	0			8	1	0			9	1	1	7	2	10	1	0			1	1	0			2	4				3	4				4				1	0			4				1	0			1	1	90	7	1	1	7	7	1	1	30	7	1	1	30	7	2880	48.0	2880	48.0	2880	48.0	2880	48.0	2880	48.0	2880	48.0	0																																																																								2	7	1	1	1	2023-01-19	1	1	3	1	1	1	1	1	0	1	2	1	1	1	5	4	1	3	1	2
326098	"CSB2"	2	3	0	1	1	0	3	0	1	1	1		3		1	0	1	3	1	4		"HAVING EXPERIENCE"	0	0	0					3	4	1	1	0													"3 5 6 7 9 10"	0	0	1	0	1	1	1	0	1	1	0	0	0	6	3	0		5	0		6	0		7	0		9	0		10	0						0	1	1			"1 2 3 4 5 6 7"	1	1	1	1	1	1	1	0	1							1							1											0										1	13		0	74	6		3	0		0		0	0	0		0	0		3	3		23		3		23	7		3		25	7	5	3		90		3		90	7	4				6	1	0			4				4					7	1	0				4				4				9	1	0			4				4		10	1	0			4				4															4				1	0			1	0			1	"1 2 3 4 5 7"	1	1	1	1	1	0	1	0	1	0			1	1	1	0			1	0			1	0			11	1	0			4	1	0			5	1	0			6	1	0			7	1	0			8	1	0			9	1	0			10	1	0			1	1	1	10	7	2	1	1	90	7	3	4				4				1	0			1	0			1	0			1	0			1	0			1	0			1	0			2880	48.0	2880	48.0	2880	48.0	2880	48.0	2880	48.0	2880	48.0	0																																																																								1	1	1	1	2		1	2	99	1	1	1	1	1	1	1	2	1	1	1	4	4	1	3	1	2
328084	"CSB1"	2	3	0	1	1	0	2	1	1	0	0		1	0	1			2	1	2	"MOVING CONDITION PROBLEM"		0	1	0					3	5	0		1	"3"	0	0	1	0	0	0	0	0	0	1	3	"3 5 6 7 9 13"	0	0	1	0	1	1	1	0	1	0	0	0	1	6	3	0		5	0		6	0		7	0		9	0		13	0						0	0	0			"8"	0	0	0	0	0	0	0	1	1							1							0											1	"1 2 3 4 5 6 7 8"	1	1	1	1	1	1	1	1	1	9		13	6	2		1		0	8		8	2	0		0		0	3	1	0												5	1	1	60	7									6	1	1	20	7										7	1	0												9	1	1	60	7							13	2	0																						4				1	0			1	0			1	"1 2 3 4 5 6"	1	1	1	1	1	1	0	0	1	0			1	1	1	0			1	0			1	0			11	1	0			4	1	0			5	1	0			6	1	0			7	1	0			8	1	0			9	1	0			10	1	0			1	1	0			2	4				3	4				4				1	0			4				1	0			1	0			1	0			1	0			1	0			480	8.0	720	12.0	480	8.0	480	8.0	720	12.0	480	8.0	0																																																																								2	1	1	1	2		1	2	3	1	1	1	1	1	0	1	2	1	1	1	5	4	1	1	1	0
328088	"CSB1"	2	3	1	1	1	0	1	1	1	0	1		1	1	1		1	2	1	2	"TRANSPORTATION PROBLEM"		0	0	0					3	4	0		1	"3"	0	0	1	0	0	0	0	0	0	1	2	"3 5 6 7 8 9 10"	0	0	1	0	1	1	1	1	1	1	0	0	0	7	3	0		5	0		6	0		7	0		8	0		9	0		10	0			0	0	0			"1 2 3 4 5 6 7"	1	1	1	1	1	1	1	0	1							1							1											0										1	2		0	16	6	0	0	0		1		0	7	2	0	0	0		3	1	0												5	1	1	60	7									6	1	1	30	7										7	1	0												8	1	0									9	1	0											10	1	0									4				1	0			1	0			1	"1 2 3 5 6"	1	1	1	0	1	1	0	0	1	0			1	1	1	0			1	0			1	0			11	1	0			4	1	0			5	1	0			6	1	0			7	1	0			8	1	0			9	1	0			10	1	0			1	1	0			2	3		90	7	3	3		90	7	3		90	7	1	0			3		90	7	1	0			1	0			1	0			3		10	7	1	0			420	7.0	480	8.0	420	7.0							0																																																																								1	6	1	1	1	2023-03-22	1	1	3	1	1	1	1	1	0	1	2	1	1	1	5	4	1	1	1	0
339104	"CSB1"	2	3	1	1	1	0	0	1	0	0	1			1			1	7	1	3			0	0	0					3	4	0		0													"3 5 6 7 8 9 10"	0	0	1	0	1	1	1	1	1	1	0	0	0	7	3	0		5	0		6	0		7	0		8	0		9	0		10	0			0	1	1			"1 2 3 4 5 7"	1	1	1	1	1	0	1	0	1							1							0											0										1	28		14	23	7	0	5	0		25		3	0	0	0	0	0		3	1	1	60	7	1	1	60	7		1	1	60	7	5	1	1	75	7	4				4				6	1	1	30	7	1	1	30	7	1	1	30	7		7	1	1	30	7		4				4				8	1	0			1	0			4		9	1	1	30	7	4				4				10	3		90	4	4						1	0			1	1	60	7	1	1	60	7	1	"1 2 3 4 5"	1	1	1	1	1	0	0	0	1	0			1	1	1	0			1	0			1	0			11	1	0			4	1	0			5	1	0			6	1	0			7	1	0			8	1	0			9	1	0			10	1	0			1	1	0			2	4				3	4				4				1	1		7	3		60	7	1	0			3		60	7	1	0			1	0			3		60	7	180	3.0	240	4.0	180	3.0	45	0.75	45	0.75	45	0.75	1	2023-03-01	"52"	0	0	0	0	0	0	0	0	0	0	0	0	0	0	0	0	0	0	0	0	0	0	0	0	0	0	0	0	0	0	0	0	0	0	0	0	0	0	0	0	0	0	0	0	0	0	0	0	0	0	0	1	0	0	0	0	"2"	0	1	0	0	0	"2"	0	1	0	0	0	0	2	6	1	1	2		1	2	2	1	1	1	1	1	0	0	5	1	1	1	3	3	1	1	1	0
343080	"CSB2"	2	3	1	1	1	0	3	0	1	0	1		1		0		1	2	1	3			0	0	0					3	4	0		1	"1 3"	1	0	1	0	0	0	0	0	0	1	3	"3 5 6 7 9 13"	0	0	1	0	1	1	1	0	1	0	0	0	1	6	3	1	2000	5	0		6	0		7	0		9	0		13	0						0	0	0			"1 2 3 4 5 6 7"	1	1	1	1	1	1	1	0	1							1							1											0										1	4		0	15	1				0	1		0	3	1				0	3	1	1	60	7										5	1	1	90	7									6	1	0												7	1	0												9	1	0									13	1	0																						4				1	0			1	0			1	"1 2 3 4 5 6"	1	1	1	1	1	1	0	0	1	0			1	1	1	0			1	0			1	1	30	7	11	1	0			4	1	0			5	1	0			6	1	0			7	1	0			8	1	0			9	1	0			10	1	0			1	1	0			2	4				3	4				4				4				4				1	0			3		90	7	1	0			1	0			3		15	1	570	9.5	720	12.0	570	9.5							0																																																																								1	6	1	1	1	2023-02-27	1	1	3	1	1	1	1	1	0	1	2	0	1	1	4	5	1	1	1	0
343083	"CSB1"	2	3	1	1	1	0	2	0	1	0	0		1		1			2	1	1	"LACK OF MATERIALS"		0	0	0					3	4	0		0													"3 5 6 7 9 13"	0	0	1	0	1	1	1	0	1	0	0	0	1	6	3	0		5	0		6	0		7	0		9	0		13	0						0	1	1			"1 2 3 4 5"	1	1	1	1	1	0	0	0	1							1							0											0										1				88															3	1	0			1	0				1	0			5	1	1	30	7	1	1	30	7	1	1	30	7	6	1	1	15	7	1	1	15	7	1	1	15	7		7	1	1	15	77	"MADE AN ORDER BUT THERE WAS NO ONE TO COLLECT IT"	4				4				9	1	0			4				4		13	3				4				4															4				1	1	30	7	1	1	70	7	1	"1 2 3 4 5 6"	1	1	1	1	1	1	0	0	1	0			0	1	1	0			1	0			1	0			11	3		4	2	4	1	0			5	3		4	2	6	3		4	2	7	3		4	2	8	3		4	2	9	3		4	2	10	3		4	2	1	1	0			2	4				3	4				4				3		60	3	4				1	0			4				1	0			3		60	3	1	0			900	15.0	1080	18.0	900	15.0	900	15.0	1080	18.0	900	15.0	0																																																																								2	6	1	1	2		1	2	3	1	1	1	1	1	0	0	5	1	0	1	3	4	1	2	1	1
346003	"CSB1"	2	3	0	1	1	0	1	2	1	0	1		0	1	1		1	3	1	2	"LONG PROCESS"		1	1	1	1	0	1	1	3	4	0		0													"3 5 6 7 9"	0	0	1	0	1	1	1	0	1	0	0	0	0	5	3	0		5	0		6	0		7	0		9	0									0	1	1			"1 2 3 4 5 7"	1	1	1	1	1	0	1	0	1							1							1											0										1	29		10	15	46		0			13		1	5	7		0			3	2	0			3		3	2		3		3	2	5	3		14		3		14	7	4				6	3		14		4				4					7	3		1			4				4				9	3		90		4				4																										4				1	1	7	7	1	0			1	"2 3 4 5 6"	0	1	1	1	1	1	0	0	1	0			1	1	1	0			1	0			1	0			11	1	0			4	1	0			5	1	0			6	1	0			7	1	0			8	1	0			9	1	0			10	1	0			1	1	0			2	4				3	4				4				2	0			4				1	0			1	0			1	0			1	0			1	0															0																																																																								1	7	1	1	2		1	2	2	1	1	1	1	1	0	1	5	1	1	1	3	3	1	1	1	0
346018	"CSB1"	2	3	0	1	1	0	1	3	1	0	1		1	3	1		1	3	1	2	"MOVING CONDITION PROBLEM"		0	1	1	1	0	1	1	3	4	0		0													"3 5 6 7 9"	0	0	1	0	1	1	1	0	1	0	0	0	0	5	3	1	1500	5	0		6	0		7	0		9	0									0	1	1			"1 2 3 4 5 7"	1	1	1	1	1	0	1	0	1							1							1											1	"2 3 4"	0	1	1	1	0	0	0	0	1	9		28	106	6		3			0		0	3	0		3			3	1	1	30	7	3		14	7		3		14	7	5	1	1	60	7	4				4				6	1	0			4				4					7	1	0				4				4				9	1	0			4				4																										4				1	0			1	1	30	7	1	"2 3 4 5 7"	0	1	1	1	1	0	1	0	1	0			1	1	1	0			1	0			1	0			11	1	0			4	1	0			5	1	0			6	1	0			7	3		10	7	8	1	0			9	1	0			10	1	0			1	1	0			2	4				3	4				4				1	0			4				1	0			3		90	7	1	0			3		14	4	1	0			300	5.0	420	7.0	300	5.0							0																																																																								1	7	1	1	2		1	2	3	1	1	1	1	1	0	1	2	1	1	1	4	5	1	1	1	0
346024	"CSB2"	2	3	0	2	1	0	1	1	1	0	1		2	1	1		1	3	1	3			0	1	1	1	0	1	1	3	4	1	1	1	"1"	1	0	0	0	0	0	0	0	0	0		"3 5 6 7 9"	0	0	1	0	1	1	1	0	1	0	0	0	0	5	3	0		5	0		6	0		7	0		9	0									0	1	1			"1 2 3 4 6 7"	1	1	1	1	0	1	1	0	0	"3"	0	0	1	0	0	1							1											0										1	9		0	27	114		50			0		0	0	7		0			3	3		7		3		90	7		1	0			5	1	1	21	7	1	1	21	7	4				6	3		30		4				4					7	3		30			4				4				9	1	0			4				4																										1	0			1	0			1	0			1	"1 2 5"	1	1	0	0	1	0	0	0	1	0			1	1	1	0			1	0			1	0			11	1	0			4	1	0			5	1	0			6	1	0			7	1	0			8	1	0			9	1	0			10	1	0			1	1	0			2	4				3	4				4				1	0			4				1	0			1	0			1	0			1	0			1	0			1	0.016666668	1	0.016666668	1	0.016666668	300	5.0	420	7.0	300	5.0	0																																																																								1	7	1	1	2		1	2	99	1	1	1	1	1	0	1	2	1	1	1	4	4	1	1	1	0
346076	"CSB1"	2	3	1	1	1	0	0	2	0	0	1			2			1	7	1	3			0	0	0					3	4	0		0													"3 6 7 9 10"	0	0	1	0	0	1	1	0	1	1	0	0	0	5	3	1	2000	6	0		7	0		9	0		10	0									0	1	1			"1 2 3 4 5 7"	1	1	1	1	1	0	1	0	1							1							1											0										1	4			21	7		0	0		0			2	0		0	0		3	1	0			1	0				1	0			6	1	0			4				4				7	1	0			4				4					9	1	0				4				4				10	1	0			4				1	0																									3		90	7	1	0			4				1	"1 2 3 4 5 6"	1	1	1	1	1	1	0	0	1	0			1	1	1	0			1	0			1	0			11	1	0			4	3		3	1	5	3		30	1	6	3		30	1	7	3		30	1	8	1	0			9	3		3	1	10	1	0			1	1	0			2	4				3	4				4				1	0			4				1	0			1	0			1	0			1	0			1	0			720	12.0	600	10.0	720	12.0							0																																																																								1	7	1	1	2		1	2	0	1	1	1	1	1	1	0	5	0	0	1	2	4	0			
354012	"CSB1"	2	3	0	2	1	0	3	1	1	0	1		2	1	1		1	3	1	2	"NO DOCTOR"		0	0	0					3	5	0		1	"1"	1	0	0	0	0	0	0	0	0	0		"3 5 6 7 8 9"	0	0	1	0	1	1	1	1	1	0	0	0	0	6	3	0		5	0		6	0		7	0		8	0		9	0						0	1	0			"1 2 3 4 5 6 7"	1	1	1	1	1	1	1	0	1							1							0											0										1	0		0	80	10	0	0			0		0	1	0	0	0			3	3		30		3		30	7						5	3		60		3		60	7					6	1	1	7	2	1	0								7	1	0				4								8	3				4						9	1	0			4																			4				3		90	99	1	0			1	"1 2 3 4 5"	1	1	1	1	1	0	0	0	1	0			1	1	1	0			1	0			1	0			11	1	0			4	1	0			5	1	0			6	1	0			7	1	0			8	1	0			9	1	0			10	1	0			1	1	0			2	4				3	4				3		90	7	1	0			1	0			1	0			1	0			1	0			3		30	2	3		30	2	5	0.083333336	5	0.083333336	5	0.083333336	60	1.0	60	1.0	60	1.0	0																																																																								2	1	1	1	2		1	2	1	1	1	1	1	1	0	0	5	1	1	1	3	3	1	1	1	0
354028	"CSB2"	2	3	1	2	1	0	2	0	1	0	1		1		0		1	2	1	4		"BETTER COLLABORATION WITH PHAGDIS"	0	1	1	1	1	1	1	3	4	0		1	"1 4"	1	0	0	1	0	0	0	0	0	1	3	"3 5 6 7 9 13"	0	0	1	0	1	1	1	0	1	0	0	0	1	6	3	0		5	0		6	0		7	0		9	0		13	0						0	0	0			"1 2 3 4 5 7"	1	1	1	1	1	0	1	0	1							1							1											1	"2 3 8"	0	1	1	0	0	0	0	1	1	5		0	10	35		5		0	5		0	2	5		0		0	3	1	0												5	1	1	90	7									6	1	1	15	2										7	1	0												9	3		90								13	3		90																					4				1	1	15	2	1	0			1	"3 4 5"	0	0	1	1	1	0	0	0	1	0			1	1	3		90	7	1	0			1	1	15	5	11	1	0			4	1	0			5	1	0			6	1	0			7	1	0			8	1	0			9	1	0			10	1	0			1	1	0			2	3		30	7	3	3		30	7	3		90	7	1	0			3		90	7	1	0			1	0			1	0			3		30	7	1	0			300	5.0	300	5.0	270	4.5							0																																																																								1	6	1	1	2		1	2	3	1	1	1	1	1	0	0	2	0	1	1	3	3	1	1	1	0
407051	"CSB2"	2	4	0	2	1	0	2	0	1	0	1		1		0		1	3	1	1	"DISTANT"		0	0	1	1	1	1	0	3	5	0		0													"5 6 7 9"	0	0	0	0	1	1	1	0	1	0	0	0	0	4	5	1	1000	6	0		7	1	500	9	0												0																																							0										1			0	0	0		0					0	0	0		0			5	3		90											6	3		90										7	3		30											9	1	0																																															3		60	7	3		90	7	3		7	2	1	"5"	0	0	0	0	1	0	0	0	1	0			1	1	3		7	2	1	0			1	0			11	1	0			4	1	0			5	1	0			6	1	0			7	1	1	15	5	8	1	0			9	1	0			10	1	0			1	1	0			2	3		90	7	3	3		90	7	4				4				3		60	4	3		90	7	3		60	7	1	0			1	0			3		30	4													1	2023-02-01	"2 5 38 39 40 42 43 51 54"	0	1	0	0	1	0	0	0	0	0	0	0	0	0	0	0	0	0	0	0	0	0	0	0	0	0	0	0	0	0	0	0	0	0	0	0	0	1	1	1	0	1	1	0	0	0	0	0	0	0	1	0	0	1	0	0	"1 2"	1	1	0	0	0	"1 2 3 4"	1	1	1	1	0	0	2	6	1	1	1	2023-02-17	1	1	2	1	1	1	1	1	1	1	2	0	1	1	4	4	1	2	1	1
407090	"CSB1"	2	4	0	2	1	0	2	0	1	0	1		2		1		1	3	0	1	"DISTANT"		0	0	1	1	1	1	0	1	4	0		0													"3 5 6 7 9"	0	0	1	0	1	1	1	0	1	0	0	0	0	5	3	0		5	0		6	0		7	0		9	0									0	1	1			"1 2 3 4 5 6 7"	1	1	1	1	1	1	1	0	1							1							1											0										0																			3	1	0			1	0				1	0			5	3		90		3		90	7	3		90	7	6	3		90		3		90	7	3		90	7		7	3		60			3		60	7	3		60	7	9	1	0			4				4																										1	0			1	1	45	7	1	0			1	"1 2 3 4 5 6"	1	1	1	1	1	1	0	0	1	0			1	1	1	0			1	0			1	1	38	7	11	1	0			4	1	0			5	1	0			6	1	0			7	1	0			8	1	0			9	1	0			10	1	0			1	3		10	3	2	4				3	4				3		90	3	3		90	3	3		30	3	4				4				1	1	10	4	1	0			1	0															1	2023-02-01	"2 5 11 55"	0	1	0	0	1	0	0	0	0	0	1	0	0	0	0	0	0	0	0	0	0	0	0	0	0	0	0	0	0	0	0	0	0	0	0	0	0	0	0	0	0	0	0	0	0	0	0	0	0	0	0	0	0	0	1	0	"1 2"	1	1	0	0	0	"1 2 3 4"	1	1	1	1	0	0	1	1	1	1	1	2023-01-14	1	1	3	1	1	1	1	1	0	1	2	0	1	1	4	4	1	1	1	0
414049	"CSB2"	2	4	0	1	1	0	2	0	1	0	1		2		0		0	2	1	3			1	0	0					3	4	0		1	"1"	1	0	0	0	0	0	0	0	0	1	2	"3 5 6 7 9"	0	0	1	0	1	1	1	0	1	0	0	0	0	5	3	0		5	0		6	0		7	0		9	0									0	1	1			"1 2 3 4 5 6 7"	1	1	1	1	1	1	1	0	1							1							1											0										1	38		193	0	193		28			7		9	0	7		0			3	1	0			1	0				1	0			5	3		90		4				4				6	3		90		4				4					7	3		15			4				4				9	1	0			4				4																										1	0			3		90	7	1	0			1	"2 3 4 5"	0	1	1	1	1	0	0	0	1	0			1	1	1	0			1	0			1	0			11	1	0			4	1	0			5	1	0			6	1	0			7	1	0			8	1	0			9	1	0			10	1	0			1	3		30	7	2	3		60	7	3	3		15	7	4				3		90	7	3		90	7	1	0			1	0			1	0			1	0			1	0			10	0.16666667	10	0.16666667	10	0.16666667							0																																																																								1	6	1	1	1	2023-04-10	1	2	3	1	1	1	1	1	0	1	2	0	1	1	4	4	1	1	1	0
414061	"CSB1"	2	4	1	1	1	0	2	0	1	0	1		1		1		0	2	1	2	"MOVING CONDITION PROBLEM"		0	0	0					2	5	0		0													"3 5 6 7 9"	0	0	1	0	1	1	1	0	1	0	0	0	0	5	3	0		5	0		6	0		7	0		9	0									0	1	1			"1 2 3 4 5 6 7"	1	1	1	1	1	1	1	0	1							1							1											0										1	0		0	0	0		0			0		0	0	0		0			3	1	1	15	7	1	0				1	0			5	3		90		4				4				6	3		90		4				4					7	1	1	60	7		4				4				9	1	0			4				4																										3		90	7	3		90	7	3		90	2	1	"1 2 3 4 5 6"	1	1	1	1	1	1	0	0	1	0			1	1	1	0			1	0			3		7	2	11	1	0			4	1	0			5	1	0			6	1	0			7	1	0			8	3		7	2	9	1	0			10	1	0			1	1	0			2	3		90	7	3	4				4				4				3		90	7	1	0			3		90	7	3		2	2	3		7	2	1	0			60	1.0	90	1.5	60	1.0							0																																																																								1	6	1	1	1	2023-06-20	1	1	3	1	1	1	1	1	0	0	2	0	1	1	4	4	1	1	1	0
414109	"CSB1"	2	4	0	1	1	0	2	0	1	0	0		2		1			2	1	3			0	0	1	1	1	1	1	3	4	0		1	"1"	1	0	0	0	0	0	0	0	0	1	2	"5 6 7 9"	0	0	0	0	1	1	1	0	1	0	0	0	0	4	5	0		6	0		7	0		9	0												0																																							0										1			0	0	1		0					0	0	0		0			5	3		90											6	3		90										7	3		90											9	3		90																																														4				3		90	7	3		90	7	1	"1 2"	1	1	0	0	0	0	0	0	1	0			1	1	1	0			1	1	60	7	1	1	90	7	11	1	0			4	1	0			5	1	0			6	1	0			7	1	0			8	1	0			9	1	0			10	1	0			1	1	0			2	3		90	7	3	4				4				4				4				1	1	10	2	3		90	7	1	0			1	0			3		90	7	1	0.016666668	1	0.016666668	1	0.016666668							0																																																																								1	6	1	1	1	2022-12-01	1	1	3	1	1	1	1	1	0	1	2	0	1	1	4	4	1	1	1	0
418016	"CSB1"	2	4	1	1	1	0	1	0	1	0	1		1		1		1	2	1	4		"HAVING EXPERIENCE"	0	0	1	1	1	1	1	3	4	0		0													"6 7"	0	0	0	0	0	1	1	0	0	0	0	0	0	2	6	0		7	0			0															0																																							0										1				31	22								7	4					6	3		90											7	1	0																																																																										3		90	7	1	0			3		90	7	1	"1 2 3 4 7"	1	1	1	1	0	0	1	0	1	0			1	0	1	0			1	0			3		15	7	11	1	0			4	1	0			5	1	0			6	1	0			7	1	0			8	1	0			9	1	0			10	1	0			1	1	0			2	4				3	4				3		90	7	1	1	90	7	3		90	7	3		15	2	3		90	7	3		15	2	3		90	7	3		90	7	1440	24.0	2160	36.0	1440	24.0							0																																																																								1	6	1	1	1	2023-03-13	2	1	2	0	1	1	1	0	1	0	3	0	1	1	2	2	1	1	1	0
418022	"CSB2"	2	4	1	1	1	0	0	2	1	0	1			2	1		1	7	1	3			1	0	1	1	1	1	1	3	4	1	1	1	"1"	1	0	0	0	0	0	0	0	0	0		"5 6 7 9"	0	0	0	0	1	1	1	0	1	0	0	0	0	4	5	0		6	0		7	0		9	0												0																																							0										1			18	33	7		27					0	7	0		0			5	3		90											6	3		90										7	1	0												9	1	0																																															3		90	7	3		90	1	3		90	1	1	"1 2 4 5"	1	1	0	1	1	0	0	0	1	0			1	1	1	0			3		15	2	1	0			11	1	0			4	1	0			5	1	0			6	1	0			7	1	0			8	1	0			9	1	0			10	1	0			1	1	0			2	4				3	4				3		90	7	3		90	7	3		90	7	3		15	4	3		90	7	1	0			3		90	7	3		15	2	2640	44.0	3300	55.0	2640	44.0							0																																																																								1	6	1	1	2		1	2	1	1	1	1	1	1	1	1	2	0	1	1	4	4	0			
418069	"CSB1"	2	4	0	1	1	0	1	1	1	0	1		1	1	1		1	2	1	3			0	0	0					3	5	0		0													"5 6 7"	0	0	0	0	1	1	1	0	0	0	0	0	0	3	5	0		6	0		7	0															0																																							0										1			124	90	265							0	0	10					5	3		90											6	3		90										7	3		14																																																												3		90	7	3		90	7	3		90	1	1	"1 3 4 5"	1	0	1	1	1	0	0	0	1	0			1	1	1	0			1	0			1	0			11	1	0			4	1	0			5	1	0			6	1	0			7	1	0			8	1	0			9	1	0			10	1	0			1	3		60	1	2	4				3	4				3		90	7	3		90	7	1	0			3		90	7	3		90	7	3		14	4	3		90	7	1	0			2400	40.0	3600	60.0	2400	40.0							0																																																																								1	6	1	1	2		1	2	1	1	1	1	1	1	1	0	2	0	0	1	3	2	1	1	1	0
427021	"CSB1"	2	4	0	1	1	0	1	1	1	0	1		1	1	1		1	2	1	2	"DRUG PRICE VARIATION"		0	0	0					3	4	0		1	"1"	1	0	0	0	0	0	0	0	0	1	2	"7"	0	0	0	0	0	0	1	0	0	0	0	0	0	1	7	0																					0																																																	1					3									2					7	1	0																																																																																								3		90	7	1	0			3		30	3	3										1	0			1	1	1	0			1	0			1	0			11	1	0			4	1	0			5	1	0			6	1	0			7	1	0			8	1	0			9	1	0			10	1	0			1	1	0			2	3		90	7	3	3		90	7	3		90	1	3		90	7	3		90	7	1	0			3		90	7	3		21	5	3		90	7	1	0			2400	40.0	3000	50.0	2400	40.0							0																																																																								1	6	1	1	2		1	2	3	1	1	1	1	1	0	0	2	0	1	1	4	3	1	2	1	1
427089	"CSB2"	2	4	1	1	1	0	1	2	1	0	1		1	0	1		1	2	1	4		"HAVING EXPERIENCE"	0	0	0					3	5	0		1	"1"	1	0	0	0	0	0	0	0	0	0		"5 6 7"	0	0	0	0	1	1	1	0	0	0	0	0	0	3	5	1	3000	6	1	3000	7	1	1000														0																																							0										1			5	0	0							0	0	0					5	3		7											6	3		59										7	1	0																																																													3		90	1	3		90	2	3		90	2	3										1	0			1	1	1	0			1	0			1	0			11	2	0			4	2	0			5	2	0			6	2	0			7	2	0			8	2	0			9	2	0			10	2	0			1	2	0			2	2	0			3	2	0			3		90	1	3		90	1	3		90	1	1	0			3		90	1	3		30	1	3		30	1	1	0			1800	30.0	3000	50.0	1800	30.0							1	2023-05-01	"1 2 4 6 7 8 10 13 43 50 51 53 54 56"	1	1	0	1	0	1	1	1	0	1	0	0	1	0	0	0	0	0	0	0	0	0	0	0	0	0	0	0	0	0	0	0	0	0	0	0	0	0	0	0	0	0	1	0	0	0	0	0	0	1	1	0	1	1	0	1	"2"	0	1	0	0	0	"1 2"	1	1	0	0	0	0	1	6	1	1	2		2	2	3	1	1	1	1	1	1	1	2	0	1	1	2	2	0			
427108	"CSB1"	2	4	1	1	1	0	1	1	1	0	1		1	1	1		1	2	1	3			0	0	0					3	5	0		0													"5 6 7 9"	0	0	0	0	1	1	1	0	1	0	0	0	0	4	5	0		6	0		7	0		9	0												0																																							0										1			113	165	110		20					21	11	13					5	1	1	90	5										6	1	0											7	1	0												9	3		90																																														3		90	7	3		90	7	3		90	7	1	"1 2 5 6 7"	1	1	0	0	1	1	1	0	1	0			1	1	1	0			1	0			1	0			11	1	0			4	1	0			5	1	0			6	1	0			7	1	0			8	1	0			9	1	0			10	1	0			1	1	0			2	3		90	7	3	3		90	7	3		90	7	3		90	1	3		90	7	3		60	1	1	0			3		90	7	1	0			1	0			1800	30.0	2400	40.0	1800	30.0							0																																																																								1	6	1	1	1	2023-06-19	1	1	3	1	1	1	1	1	0	1	2	1	1	1	3	3	1	1	1	0
437010	"CSB1"	2	4	0	1	1	0	2	0	0	0	1		2				1	2	0	1	"DISTANT"		0	0	1	1	1	1	0	3	4	1	1	1	"1"	1	0	0	0	0	0	0	0	0	1	1	"5 6 7 9"	0	0	0	0	1	1	1	0	1	0	0	0	0	4	5	0		6	0		7	0		9	0												0																																							0										1			0	0	7		3					0	0	1		3			5	3		90											6	3		90										7	1	0												9	1	0																																															1	0			3		90	7	1	1	15	2	1	"2 3 5 6"	0	1	1	0	1	1	0	0	1	0			1	1	1	0			1	0			1	0			11	1	0			4	1	0			5	1	0			6	1	0			7	1	0			8	1	0			9	1	0			10	1	0			1	1	0			2	4				3	4				4				4				3		90	99	1	0			3		90	7	1	0			3		60	7	3		7	2													1	2023-06-01	"2 5"	0	1	0	0	1	0	0	0	0	0	0	0	0	0	0	0	0	0	0	0	0	0	0	0	0	0	0	0	0	0	0	0	0	0	0	0	0	0	0	0	0	0	0	0	0	0	0	0	0	0	0	0	0	0	0	0	"1 2"	1	1	0	0	0	"3"	0	0	1	0	0	0	1	6	1	1	2		1	2	2	1	1	1	1	1	0	1	2	0	1	1	4	4	1	1	1	0
437040	"CSB2"	2	4	1	2	1	0	2	1	1	0	1		0	1	1		1	3	0	1	"DISTANT"		0	0	1	1	1	1	0	3	5	0		1	"1"	1	0	0	0	0	0	0	0	0	1	2	"3 5 6 7 9 13"	0	0	1	0	1	1	1	0	1	0	0	0	1	6	3	0		5	0		6	0		7	0		9	0		13	0						0	1	1			"1 2 3 4 5 6 7"	1	1	1	1	1	1	1	0	1							1							1											0										1	0		0	0	15		8		0	0		0	0	5		2		0	3	3		90		1	0				1	0			5	3		90		4				4				6	3		90		4				4					7	1	1	15	5		4				4				9	1	0			4				4		13	1	0			4				4															1	1	25	2	1	0			1	0			1	"1 2 5 6 8"	1	1	0	0	1	1	0	1	1	1	20	2	1	1	3		90	7	1	0			1	0			11	1	0			4	1	0			5	1	0			6	1	0			7	1	0			8	1	0			9	1	0			10	1	0			1	1	0			2	3		90	7	3	3		90	7	4				4				4				1	0			4				1	0			1	0			1	0															1	2023-02-01	"1 5 10 11"	1	0	0	0	1	0	0	0	0	1	1	0	0	0	0	0	0	0	0	0	0	0	0	0	0	0	0	0	0	0	0	0	0	0	0	0	0	0	0	0	0	0	0	0	0	0	0	0	0	0	0	0	0	0	0	0	"1 2"	1	1	0	0	0	"1 3 4"	1	0	1	1	0	0	2	6	1	1	1	2023-03-18	1	1	2	1	1	1	1	1	0	1	2	0	1	1	4	5	1	1	1	0
444007	"CSB1"	2	4	0	1	1	0	2	0	1	0	1		2		1		1	2	0	3			0	0	0					3	5	0		1	"1"	1	0	0	0	0	0	0	0	0	1	3	"5 6 7 9 13"	0	0	0	0	1	1	1	0	1	0	0	0	1	5	5	0		6	0		7	0		9	0		13	0									0																																							0										1			58	24	31		60		2			4	0	2		8		0	5	3		90											6	3		90										7	3		7											9	1	0												13	1	0																																	3		90	7	1	0			1	0			3										1	0			1	1	1	0			1	0			3		30	7	11	1	0			4	1	0			5	1	0			6	1	0			7	1	0			8	1	0			9	1	0			10	1	0			1	1	0			2	4				3	4				3		90	7	3		90	7	3		90	1	1	0			3		90	7	1	0			3		60	1	3		90	4	2160	36.0	3600	60.0	2160	36.0							0																																																																								1	6	1	1	1	2023-03-14	1	1	0	1	1	1	1	1	0	0	5	0	1	1	2	3	1	1	1	0
444023	"CSB1"	2	4	0	1	1	0	0	2	1	0	0			1	0	0		2	1	2	"INSUFFICIENT STAFF"		0	0	1	1	1	1	0	3	4	0		1	"1"	1	0	0	0	0	0	0	0	0	1	2	"5 6 7 9"	0	0	0	0	1	1	1	0	1	0	0	0	0	4	5	0		6	0		7	0		9	0												0																																							0										1			0	0	0		0					0	0	0		0			5	3		90											6	3		90										7	3		90											9	1	1	90	7																																													4				4				3		30	7	1	"1 2 5 6"	1	1	0	0	1	1	0	0	1	0			1	1	1	0			1	0			1	0			11	1	0			4	1	0			5	1	0			6	1	0			7	1	0			8	1	0			9	1	0			10	1	0			1	1	0			2	4				3	4				4				4				4				1	0			3		30	7	1	0			1	0			1	0			180	3.0	180	3.0	180	3.0	200	3.3333333	200	3.3333333	200	3.3333333	0																																																																								2	6	1	1	2		1	2	3	1	1	1	1	1	1	1	2	0	1	1	4	5	1	1	1	0
444054	"CSB1"	2	4	0	1	1	0	1	0	1	0	1		1		1		0	2	1	2	"LACK OF MATERIALS"		0	0	0					3	4	0		1	"1"	1	0	0	0	0	0	0	0	0	0		"5 7"	0	0	0	0	1	0	1	0	0	0	0	0	0	2	5	0		7	0			0															0																																																	1			169		29							7		0					5	3		90											7	3		90																																																																									3		90	7	3		90	7	3		90	7	3										1	0			1	1	1	0			1	0			3		15	7	11	1	0			4	1	0			5	1	0			6	1	0			7	1	0			8	1	0			9	1	0			10	1	0			1	1	0			2	4				3	4				3		90	1	3		90	1	3		90	3	3		15	7	3		90	7	1	0			1	0			1	0			120	2.0	1800	30.0	1800	30.0							0																																																																								1	6	1	1	2		1	2	1	1	1	1	1	1	0	0	2	0	1	1	3	3	1	1	1	0
444060	"CSB2"	2	4	0	1	1	0	3	2	1	0	0		1	0	0			2	0	2	"UNAVAILABILITY"		1	0	0					1	4	0		0													"3 5 6 7 9"	0	0	1	0	1	1	1	0	1	0	0	0	0	5	3	0		5	1	3000	6	0		7	0		9	0									0	1	1			"1 2 3 4 5 6 7"	1	1	1	1	1	1	1	0	1							1							1											0										1	6		72	1	27		0			1		7	0	3		0			3	1	1	50	7	1	0				1	0			5	3		60		4				4				6	3		4		4				4					7	1	1	60	7		4				4				9	1	0			4				4																										4				4				4				1	"1 2 3 4 5"	1	1	1	1	1	0	0	0	1	0			1	1	1	0			1	0			1	0			11	1	0			4	1	0			5	1	0			6	1	0			7	1	0			8	2	0			9	2	0			10	2	0			1	3		60	7	2	3		60	7	3	3		60	7	4				4				4				3		60	7	4				3		60	7	3		60	7	1	0			2	0.033333335	3	0.05	2	0.033333335							1	2023-05-01	"44"	0	0	0	0	0	0	0	0	0	0	0	0	0	0	0	0	0	0	0	0	0	0	0	0	0	0	0	0	0	0	0	0	0	0	0	0	0	0	0	0	0	0	0	1	0	0	0	0	0	0	0	0	0	0	0	0	"2"	0	0	0	0	1	"1"	1	0	0	0	0	0	1	6	1	1	1	2023-05-10	1	1	1	1	1	0	1	0	0	0	5	0	1	1	5	5	0			
444072	"CSB1"	2	4	1	1	1	0	1	1	1	0	1		1	1	1		0	2	1	4		"HAVING EXPERIENCE"	0	0	1	1	1	1	1	3	4	0		1	"1"	1	0	0	0	0	0	0	0	0	1	2	"5 7"	0	0	0	0	1	0	1	0	0	0	0	0	0	2	5	1	2500	7	0																		0																																																	1			23									3		2					5	1	1	90	7										7	2	1	90	7																																																																								3		90	1	3		90	1	1	0			1	"2 5"	0	1	0	0	1	0	0	0	1	0			1	1	1	0			1	0			1	0			11	1	0			4	1	0			5	1	0			6	1	0			7	1	0			8	1	0			9	1	0			10	1	0			1	3		90	1	2	3		90	1	3	3		90	1	3		90	1	3		90	1	1	0			1	0			1	0			1	0			3		90	1	1	0			2340	39.0	3120	52.0	2340	39.0							0																																																																								1	6	1	1	2		1	2	0	1	1	1	1	1	1	0	5	0	0	1	3	3	1	1	1	0
444075	"CSB1"	2	4	1	1	1	0	1	0	1	0	0		1		1			2	1	2	"DISTANT"		1	0	1	1	0	1	0	1	4	0		0													"5 6 7 9"	0	0	0	0	1	1	1	0	1	0	0	0	0	4	5	0		6	0		7	0		9	0												0																																							0										1			175	145	305		54					0	0	0		0			5	3		30											6	3		30										7	3		30											9	1	0																																															4				3		30	7	3		30	7	1	"2 5 6"	0	1	0	0	1	1	0	0	1	0			1	1	1	0			1	1	5	7	1	1	21	7	11	1	0			4	1	0			5	1	0			6	1	0			7	1	0			8	1	0			9	1	0			10	1	0			1	1	0			2	4				3	4				4				4				4				1	1	31	7	3		30	7	1	0			1	0			1	0			120	2.0	180	3.0	120	2.0																																																																															1	6	1	1	1	2023-01-21	1	2	3	1	1	1	1	1	1	1	5	1	1	1	4	4	1	1	1	0
445029	"CSB1"	2	4	1	1	1	0	2	0	1	0	1		2		1		1	2	1	3			0	0	1	1	1	1	1	3	4	0		0													"5 6 7"	0	0	0	0	1	1	1	0	0	0	0	0	0	3	5	0		6	0		7	0															0																																							0										1			20	15	25							1	5	0					5	3		90											6	3		60										7	1	0																																																													3		90	7	1	0			3		90	1	3										1	0			1	1	1	0			1	0			1	0			11	1	0			4	1	0			5	1	0			6	1	0			7	1	0			8	1	0			9	1	0			10	1	0			1	3		15	3	2	3		90	3	3	4				3		90	1	3		90	1	3		90	1	3		90	1	3		90	1	1	0			3		60	7	1	0			2400	40.0	3000	50.0	2400	40.0							0																																																																								1	6	1	1	2		1	2	0	1	1	1	1	1	1	0	5	0	1	1	1	2	1	1	1	0
445058	"CSB1"	2	4	1	1	1	0	2	0	1	0	1		2		1		1	2	1	3			0	0	1	1	1	1	1	3	4	0		0													"6"	0	0	0	0	0	1	0	0	0	0	0	0	0	1	6	0			0			0															0																																							0										1				25									5						6	1	0													1	0												1	0																																																													3		90	7	3		90	7	3		90	7	1	"1 2 5"	1	1	0	0	1	0	0	0	1	0			1	1	3		1	4	3		30	4	3		7	4	11	1	0			4	1	0			5	1	0			6	1	0			7	1	0			8	1	0			9	1	0			10	1	0			1	1	0			2	3		90	4	3	4				3		90	7	3		90	7	3		90	7	3		90	7	3		90	7	1	0			3		90	7	3		90	7	2160	36.0	2880	48.0	2160	36.0							0																																																																								1	6	1	1	2		1	2	2	1	1	1	1	1	1	1	2	1	1	1	2	2	1	3	2	1
536039	"CSB1"	1	5	1	2	1	0	1	1	0	0	0		1	0				2	0	2	"DISTANT"		1	0	0					3	2	0		0													"3 5 6 7 9"	0	0	1	0	1	1	1	0	1	0	0	0	0	5	3	1	5000	5	1	1500	6	1	1500	7	1	1500	9	0									0	1	1			"1 2 3 4 5 6 7"	1	1	1	1	1	1	1	0	1							1							1											0										1	0		0	23	0		0			0		0	7	0		0			3	1	0			1	0				1	0			5	3				3				3				6	1	0			1	0			1	0				7	1	0				1	0			1	0			9	3				3				3																										4				1	1	0		1	1	1	4	1	"1"	1	0	0	0	0	0	0	0	1	1	1	7	1	1	1	0			1	1	1	7	1	1	1	1	11	1	0			4	1	0			5	1	0			6	1	0			7	1	0			8	1	0			9	1	0			10	1	0			1	1		60	2	2	1	1	60	2	3	4				1	0			4				4				4				4				3		23	7	3		35	7	3		45	7													1	2023-07-25	"1"	1	0	0	0	0	0	0	0	0	0	0	0	0	0	0	0	0	0	0	0	0	0	0	0	0	0	0	0	0	0	0	0	0	0	0	0	0	0	0	0	0	0	0	0	0	0	0	0	0	0	0	0	0	0	0	0	"3"	0	0	1	0	0	"3"	0	0	1	0	0	0	2	1	1	1	2		1	2	2	1	0	0	0	0	1	1	5	1	1	1	1	2	0			
536063	"CSB1"	1	5	1	1	1	0	0	2	1	0	1			1	0		1	7	1	4		"SINGLE FORM TO FILL OUT"	0	0	1	1	1	1	1	3	3	1	1	0													"3 6 7"	0	0	1	0	0	1	1	0	0	0	0	0	0	3	3	1	1000	6	1	1000	7	0															0	1	1			"1 3 5 7"	1	0	1	0	1	0	1	0	1							1							1											0										0																			3	1	0			2	0				2	0			6	1	0			4				4				7	3		15		4				4																																																						3		2	1	3			99	1	0			1	"4 5"	0	0	0	1	1	0	0	0	1	0			1	1	1	0			1	0			1	0			11	3		28	7	4	2	0			5	2	0			6	2	0			7	3		60	7	8	2	0			9	2	0			10	2	0			1	3			99	2	4				3	4				4				4				4				3			1	3			1	1	0			3			1	1	0															0																																																																								2	6	1	1	1	2023-05-20	1	1	1	0	1	1	1	1	1	0	5	0	0	1	2	2	0			
536085	"CSB2"	1	5	0	1	1	0	1	0	1	0	1		1		1		1	2	1	2	"INSUFFICIENT STAFF"		0	0	0					3	4	0		0													"3 5 6 7 9"	0	0	1	0	1	1	1	0	1	0	0	0	0	5	3	0		5	0		6	0		7	0		9	0									0	1	1			"1 2 3 4 5 6 7"	1	1	1	1	1	1	1	0	1							1							1											1	"1 3 4 5 6 7 8"	1	0	1	1	1	1	1	1	0																			3	1	0			1	0				1	0			5	3				3				3				6	3				3				3					7	3					3				3				9	1	0			1	0			1	0																									4				1	1	0		1	1	1	4	1	"1"	1	0	0	0	0	0	0	0	1	1	1	7	1	1	1	0			1	1	1	7	1	1	1	1	11	1	1	30	1	4	1	0			5	1	0			6	1	0			7	1	0			8	1	0			9	1	0			10	1	0			1	1	0			2	4				3	4				1	0			4				4				4				4				3		14	7	3		65	7	3		52	7													1	2023-07-25	"1"	1	0	0	0	0	0	0	0	0	0	0	0	0	0	0	0	0	0	0	0	0	0	0	0	0	0	0	0	0	0	0	0	0	0	0	0	0	0	0	0	0	0	0	0	0	0	0	0	0	0	0	0	0	0	0	0	"3"	0	0	1	0	0	"3"	0	0	1	0	0	0	2	1	1	1	2		1	2	2	1	0	0	0	0	1	1	3	1	1	1	1	2	0			
612047	"CSB2"	3	6	0	1	1	1	2	0	1	0	2	1	1		0	2	1	1	1	3			0	0	0					3	4	0		1	"1"	1	0	0	0	0	0	0	0	0	0		"3 5 6 7 9 10"	0	0	1	0	1	1	1	0	1	1	0	0	0	6	3	0		5	0		6	0		7	0		9	0		10	0			0			0	1	1			"1 5"	1	0	0	0	1	0	0	0	1							1							1											0										1	0		0	150	6		0	0		0		0	23	0		0	0		3	1	1	30	7	4					4				5	3		90		4				4				6	3		90		4				4					7	3		6			4				4				9	1	0			4				4		10	2	0			3		15	7	1	1	90	7		3		60	4	4						1	0			3		40	7	1	0			1	"1 2 3 4 6"	1	1	1	1	0	1	0	0	1	0			1	1	1	1	7	5	1	0			1	0			11	1	0			4	1	0			5	1	0			6	1	0			7	1	0			8	1	0			9	1	1	90	7	10	1	0			1	1	0			2	4				3	4				4				4				1	0			1	0			1	0			1	0			1	0			1	0			2880	48.0	2880	48.0	2880	48.0	240	4.0	240	4.0	240	4.0	0																																																																								2	1	1	1	2		1	2	0	1	0	1	1	1	0	1	2	1	1	1	4	4	1	1	1	0
629105	"CSB2"	3	6	1	1	1	0	1	1	1	0	1		1	1	1	0	0	3	1	4		"SINGLE FORM TO FILL OUT"	0	0	0					3	4	0		0													"3 5 6 7"	0	0	1	0	1	1	1	0	0	0	0	0	0	4	3	1	2000	5	1	500	6	1	500	7	1	500											0	1	1			"8"	0	0	0	0	0	0	0	1	1							1							1											0										1	14		291	122	186					21		7	0	3					3	1	1	90	7	3		90	7		3		90	7	5	1	1	90	7	4				4				6	1	1	90	7	4				4					7	1	1	90	7		4				4																																							4				3		90	7	3		90	7	1	"1 2 3 4 5"	1	1	1	1	1	0	0	0	1	0			1	1	1	0			1	0			1	0			11	1	1	90	8	4	4				5	4				6	4				7	4				8	4				9	4				10	4				1	4				2	4				3	4				4				4				1	1	70	7	1	0			1	1	70	7	1	0			1	0			1	0			600	10.0	600	10.0	600	10.0	120	2.0	120	2.0	120	2.0	0																																																																								1	6	1	1	1	2023-06-29	1	1	3	1	1	1	1	1	1	1	2	1	1	1	4	4	0			
630025	"CSB2"	3	6	0	2	1	0	1	2	1	0	1		1	1	1	0	1	2	1	3			0	0	0					3	5	0		1	"1"	1	0	0	0	0	0	0	0	0	0		"3 5 6 7 9"	0	0	1	0	1	1	1	0	1	0	0	0	0	5	3	1	3000	5	1	1000	6	1	500	7	0		9	0									0	1	1			"5 7"	0	0	0	0	1	0	1	0	1							1							1											0										1	15		24	0	0		50			15		24	0	0		5			3	1	1	24	7	1	1	24	1		1	1	24	7	5	1	1	28	7	4				4				6	3		90		4				4					7	1	0				4				4				9	1	0			4				4																										3		90	2	3		90	7	3		90	2	1	"1 2 3 4 6"	1	1	1	1	0	1	0	0	1	0			0	1	3		90	1	1	0			1	0			11	1	0			4	1	0			5	1	0			6	1	0			7	1	0			8	1	0			9	1	0			10	1	0			1	1	0			2	4				3	4				4				3		90	99	4				1	1	30	7	3		90	1	1	0			3		90	1	1	1	30	5	2880	48.0	2880	48.0	2880	48.0	1440	24.0	1440	24.0	1440	24.0	0																																																																								1	7	1	1	2		1	2	99	1	1	1	1	1	0	1	2	1	1	1	4	4	1	2	1	1
650052	"CSB1"	3	6	1	2	0																																																																																																																																																																																																																																																																																																																																																																																																																																																																																									
650100	"CSB2"	3	6	0	2	1	1	3	3	1	0	1	0	1	1	1	0	1	1	1	3			0	0	0					2	4	0		1	"1"	1	0	0	0	0	0	0	0	0	0		"3 5 6 7 9 13"	0	0	1	0	1	1	1	0	1	0	0	0	1	6	3	0		5	0		6	0		7	0		9	0		13	0						0	1	1			"6"	0	0	0	0	0	1	0	0	1							1							0											0										1	22		0	182	0		0		0	22		0	57	0		0		0	3	1	1	30	7	3		30	7		3		30	7	5	3		30		4				4				6	3		7		4				4					7	1	0				4				4				9	1	0			4				4		13	3		90		4				4															3		90	2	3		15	7	1	0			1	"1 5 6"	1	0	0	0	1	1	0	0	1	0			0	1	1	0			1	0			3		60	7	11	3		14	2	4	1	0			5	1	0			6	1	0			7	1	0			8	1	0			9	3		60	7	10	1	0			1	1	0			2	4				3	4				3		90	7	3		90	7	1	0			3		60	2	1	0			1	0			4				3		30	2	2880	48.0	2880	48.0	2880	48.0	1440	24.0	1440	24.0	1440	24.0	0																																																																								1	6	1	1	2		1	2	98	1	1	1	1	1	0	0	2	0	0	1	2	2	1	2	2	0
650103	"CSB1"	3	6	1	2	0																																																																																																																																																																																																																																																																																																																																																																																																																																																																																									
701032	"CSB2"	2	7	1	1	1	1	1	1	1	0	1	1	1	1	1		1	3	1	3			0	0	0					3	5	0		0													"5 6 7 9"	0	0	0	0	1	1	1	0	1	0	0	0	0	4	5	0		6	0		7	0		9	0												0																																							0										1			0	49	7		0					0	7	0		0			5	3		90											6	1	1	30	7									7	1	1	30	7										9	1	0																																															1	0			3		90	7	1	0			1	"1 4"	1	0	0	1	0	0	0	0	1	0			1	1	3		30	2	3		30	2	1	0			11	1	0			4	1	0			5	1	0			6	1	0			7	1	0			8	1	0			9	1	0			10	1	0			1	1	0			2	4				3	4				4				4				4				3		20	3	1	0			1	0			1	0			3		60	3	840	14.0	1080	18.0	840	14.0							0																																																																								1	6	1	1	2		1	1	3	1	1	1	1	1	0	1	2	1	1	1	4	4	1	1	0	1
703036	"CSB2"	2	7	1	2	1	0	3	1	1	0	1		2	0	1		0	3	1	3			0	0	0					3	4	0		0													"5 6 7 9 10 13"	0	0	0	0	1	1	1	0	1	1	0	0	1	6	5	1	3000	6	1	3000	7	1	500	9	0		10	0		13	1						0																																							0										1			39	88	1		0	0	0			13		0		0	0	0	5	1	0												6	1	0											7	1	0												9	1	0												10	1	0									13	1	0																						1	0			1	1	60	4	1	0			1	"1 2 3 4 5 6"	1	1	1	1	1	1	0	0	1	0			1	1	3		20	5	3		20	5	1	0			11	1	1	20	3	4	1	0			5	1	0			6	1	0			7	1	0			8	1	0			9	1	0			10	1	0			1	1	0			2	3		90	2	3	3		90	2	1	0			4				1	0			1	0			3		30	2	1	0			1	0			1	0									180	3.0	120	2.0	120	2.0	1	2023-07-01	"48 49"	0	0	0	0	0	0	0	0	0	0	0	0	0	0	0	0	0	0	0	0	0	0	0	0	0	0	0	0	0	0	0	0	0	0	0	0	0	0	0	0	0	0	0	0	0	0	0	1	1	0	0	0	0	0	0	0	"2"	0	1	0	0	0	"2 3"	0	1	1	0	0	0	1	1	1	1	2		1	1	2	1	1	1	1	1	0	0	2	0	1	1	3	4	1	1	1	0
711059	"CSB1"	2	7	0	1	1	0	2	1	1	0	1		1	1	1		1	3	1	3			0	0	1	1	1	1	0	3	4	1	1	1	"1"	1	0	0	0	0	0	0	0	0	1	2	"3 5 6 7 9 13"	0	0	1	0	1	1	1	0	1	0	0	0	1	6	3	1	3000	5	1	500	6	1	500	7	0		9	0		13	0						0	1	1			"1 2 3 4 5 6"	1	1	1	1	1	1	0	0	1							1							1											0										1	0		15	55	33		0		1	0		3	5	0		0		1	3	1	0			1	0				1	0			5	3		30		1	0			4				6	1	0			1	0			4					7	1	0				4				4				9	1	0			4				4		13	1	0			4				4															4				3		60	1	1	0			1	"1 2 3 4 5 6"	1	1	1	1	1	1	0	0	1	0			1	1	1	0			1	0			1	0			11	1	0			4	1	0			5	1	0			6	1	0			7	1	0			8	1	0			9	1	0			10	1	0			1	1	0			2	3		90	1	3	3		90	1	1	0			4				4				1	0			1	0			1	0			1	0			1	0			120	2.0	180	3.0	120	2.0	360	6.0	480	8.0	360	6.0	0																																																																								1	6	1	1	2		1	2	3	1	1	1	1	1	0	1	2	0	1	1	4	4	1	1	1	0
713082	"CSB2"	2	7	1	2	1	1	1	1	1	0	1	0	1	1	1		1	1	1	2	"LACK OF DRUG"		0	0	1	1	1	1	0	3	4	0		0													"5 6 7"	0	0	0	0	1	1	1	0	0	0	0	0	0	3	5	1	1000	6	1	1000	7	1	500														0																																							0										1			0	74	10							0	0	0					5	1	1	80	99										6	1	0											7	1	0																																																													1	0			1	1	80	99	1	0			1	"1 2 3 4 5 6"	1	1	1	1	1	1	0	0	1	0			1	1	1	0			1	0			1	0			11	1	0			4	1	0			5	1	0			6	1	0			7	1	0			8	1	0			9	1	0			10	1	0			1	1	0			2	4				3	4				4				4				4				1	0			3		90	99	1	0			1	0			1	1	7	3			60	1.0			90	1.5			90	1.5	1	2023-03-01	"44"	0	0	0	0	0	0	0	0	0	0	0	0	0	0	0	0	0	0	0	0	0	0	0	0	0	0	0	0	0	0	0	0	0	0	0	0	0	0	0	0	0	0	0	1	0	0	0	0	0	0	0	0	0	0	0	0	"2"	0	0	0	0	1	"1"	1	0	0	0	0	0	2	6	1	1	1	2023-02-13	1	1	3	1	1	1	1	1	0	0	2	0	1	1	3	3	1	1	1	0
716106	"CSB2"	2	7	1	1	1	1	1	1	1	0	1	1	1	1	1		1	3	1	2	"LACK OF MATERIALS"		1	0	1	1	1	1	0	3	4	0		0													"5 6 7 9 10"	0	0	0	0	1	1	1	0	1	1	0	0	0	5	5	1	1000	6	1	1000	7	0		9	0		10	0									0																																							0										1			72	54	15		14	0				1	8	0		14	0		5	3		90											6	1	1	60	7									7	1	1	60	7										9	1	1	60	7										10	3		90																																3		90	7	3		90	7	3		15	3	3										1	0			1	1	1	0			1	0			1	0			11	1	0			4	1	0			5	1	0			6	1	0			7	1	0			8	1	0			9	1	0			10	1	0			1	1	0			2	3		90	7	3	3		90	7	4				4				4				1	0			3		90	2	1	0			1	0			1	0									240	4.0	300	5.0	240	4.0	1	2023-03-01	"5 6 11 16 17 47 48 49 52 56"	0	0	0	0	1	1	0	0	0	0	1	0	0	0	0	1	1	0	0	0	0	0	0	0	0	0	0	0	0	0	0	0	0	0	0	0	0	0	0	0	0	0	0	0	0	0	1	1	1	0	0	1	0	0	0	1	"2"	0	1	0	0	0	"2 3"	0	1	1	0	0	0	1	4	1	1	2		1	2	2	1	1	1	1	1	1	0	5	1	1	1	3	3	1	1	1	0
717091	"CSB2"	2	7	0	2	1	1	0	2	1	0	1	0		1	1		1	3	1	1	"DISTANT"		1	0	0					3	4	0		0													"3 5 6 7 9 13"	0	0	1	0	1	1	1	0	1	0	0	0	1	6	3	1	5000	5	1	2000	6	1	2000	7	1	2000	9	0		13	0						1	1	1			"1 2 4 5"	1	1	0	1	1	0	0	0	1							1							0											0										1	0		0	86	5		0		0	0		0	32	3		0		0	3	1	0			1	0				1	0			5	3		30		3		30	2	4				6	1	0			1	0			1	0				7	1	0				4				4				9	1	0			4				4		13	1	0			4				4															4				3		60	2	1	0			3										1	0			1	1	1	0			1	0			3		60	2	11	3		14	8	4	3		14	8	5	3		14	9	6	3		14	9	7	3		14	9	8	3		14	9	9	3		14	9	10	3		14	9	1	3		14	9	2	4				3	4				1	0			3		90	2	1	0			3		60	2	1	0			1	0			1	0			1	0			480	8.0	540	9.0	480	8.0							0																																																																								1	6	1	1	2		2	2	1	1	1	1	1	1	0	0	2	1	1	1	3	3	1	1	0	1
722045	"CSB2"	2	7	0	1	1	1	1	1	1	0	1	1	1	0	1		0	1	1	3			0	0	0					3	4	0		1	"1 3"	1	0	1	0	0	0	0	0	0	1	3	"3 5 6 7 9 13"	0	0	1	0	1	1	1	0	1	0	0	0	1	6	3	1	2000	5	1	1000	6	1	1000	7	1	500	9	0		13	0						0	1	1			"1 2 3 4 5 7"	1	1	1	1	1	0	1	0	1							1							1											0										0																			3	1	0			1	0				1	0			5	1	0			1	0			1	0			6	1	0			1	0			1	0				7	1	0				4				4				9	1	0			4				4		13	1	0			4				4															1	0			3		10	7	1	0			1	"1 2 3 4 5 6"	1	1	1	1	1	1	0	0	1	0			1	1	1	0			1	0			1	0			11	3		14	8	4	3		14	8	5	3		14	8	6	3		14	8	7	3		14	8	8	3		14	8	9	3		14	8	10	3		14	8	1	3		14	8	2	3		14	8	3	3		14	8	1	0			4				1	1	30	7	1	0			3		90	7	1	0			1	0			1	0									420	7.0	540	9.0	420	7.0	0																																																																								1	1	1	1	2		1	2	0	1	1	1	1	1	0	0	5	0	1	1	2	3	0			
731099	"CSB1"	2	7	0	2	1	1	1	1	1	0	1	0	1	1	1		1	1	1	3			0	0	1	0				3	4	0		0													"5 6 7 9 10 13"	0	0	0	0	1	1	1	0	1	1	0	0	1	6	5	0		6	0		7	0		9	0		10	0		13	0						0																																							0										1			70	0	3		0	0	0			5	0	2		0	0	0	5	1	1	15	7										6	3		60										7	1	0												9	1	0												10	1	0									13	1	0																						1	0			4				1	0			1	"1 2 3 4"	1	1	1	1	0	0	0	0	1	0			1	1	1	0			1	0			1	0			11	1	0			4	1	0			5	1	0			6	1	0			7	1	0			8	1	0			9	1	0			10	1	0			1	1	0			2	4				3	4				1	0			4				1	0			1	0			1	0			1	0			1	0			1	0			300	5.0	360	6.0	300	5.0							0																																																																								1	6	1	1	2		1	2	99	1	1	1	1	1	0	0	5	1	0	1	3	3	1	1	1	0
732093	"CSB2"	2	7	1	1	1	0	3	1	1	0	0		2	1	1			3	1	3			1	0	1	1	1	1	0	3	4	0		1	"1 3"	1	0	1	0	0	0	0	0	0	1	2	"3 5 6 7 9 13"	0	0	1	0	1	1	1	0	1	0	0	0	1	6	3	1	1000	5	0		6	0		7	0		9	0		13	1	300					0	1	1			"1 2 3 4 5 6 7"	1	1	1	1	1	1	1	0	1							1							1											0										1	0		0	19	4		5		1	0		0	0	0		0		1	3	1	0			1	0				1	0			5	3		90		1	0			4				6	1	0			1	0			4					7	1	0				4				4				9	1	0			4				4		13	1	0			4				4															1	1	30	2	3		90	7	1	0			1	"1 2 3 4 5 6"	1	1	1	1	1	1	0	0	1	0			1	0	1	0			1	0			1	0			11	1	0			4	1	0			5	1	0			6	1	0			7	1	0			8	1	0			9	1	0			10	1	0			1	1	0			2	3		90	1	3	3		90	1	4				4				4				1	0			3		90	7	1	0			1	0			3		90	7	360	6.0	420	7.0	360	6.0	540	9.0	600	10.0	540	9.0	0																																																																								1	6	1	1	2		1	2	0	1	1	1	1	1	0	0	5	0	1	1	3	3	1	2	1	1
733065	"CSB2"	2	7	0	1	1	0	3	1	1	0	1		3	1	1		1	3	1	3			0	0	1	1	1	1	0	3	5	0		0													"3 5 6 7 9"	0	0	1	0	1	1	1	0	1	0	0	0	0	5	3	1	1000	5	1	600	6	1	600	7	0		9	0									0	1	1			"1 2 3 4 5 6 7"	1	1	1	1	1	1	1	0	1							1							1											0										1	0		0	37	0		0			0		0	7	0		0			3	1	0			1	0				1	0			5	3		30		1	0			4				6	1	0			1	0			4					7	1	0				4				4				9	1	0			4				4																										4				1	0			1	0			1	"1 2 3 6"	1	1	1	0	0	1	0	0	1	0			1	0	1	0			3		7	5	1	0			11	3		7	3	4	1	0			5	1	0			6	1	0			7	1	0			8	1	0			9	3		7	3	10	1	0			1	1	0			2	4				3	4				1	0			4				4				1	0			3		90	7	1	0			1	0			1	0			480	8.0	600	10.0	480	8.0							0																																																																								1	6	1	1	2		1	2	2	1	1	1	1	1	0	1	2	0	1	1	3	3	1	1	1	0
734053	"CSB1"	2	7	1	2	1	0	1	1	1	0	1		1	0	1		1	5	1	3			0	0	0					3	5	0		1	"3"	0	0	1	0	0	0	0	0	0	1	3	"3 5 6 7 9 13"	0	0	1	0	1	1	1	0	1	0	0	0	1	6	3	1	2000	5	1	600	6	1	1000	7	1	100	9	1	100	13	1	100					0	1	1			"1 2 3 5 6 7"	1	1	1	0	1	1	1	0	0	"2"	0	1	0	0	0	0	"2"	0	1	0	0	0	0	1										0										0																			3	1	0			1	0				1	0			5	1	0			1	0			4				6	1	0			1	0			4					7	1	0				4				4				9	1	0			4				4		13	1	0			4				4															3		90	99	1	0			1	0			3										1	0			1	1	1	0			1	0			1	0			11	3		15	5	4	1	0			5	1	0			6	1	0			7	1	0			8	1	0			9	1	0			10	1	0			1	1	0			2	4				3	4				1	0			4				4				1	0			1	1	30	99	1	0			1	0			1	0			600	10.0	720	12.0	600	10.0							0																																																																								2	6	1	1	99		2	99	99	1	1	1	1	1	0	1	2	0	1	1	3	3	1	1	1	0
735014	"CSB2"	2	7	0	1	1	1	2	2	1	0	1	1	2	1	1		1	3	1	3			1	0	1	1	0	1	0	3	4	0		1	"1 3"	1	0	1	0	0	0	0	0	0	0		"3 4 6 7 9 10"	0	0	1	1	0	1	1	0	1	1	0	0	0	6	3	1	1000	4	0		6	1	200	7	0		9	0		10	0						0	1	1	1	1	"1 2 3 4 5 6 7"	1	1	1	1	1	1	1	0	0	"2"	0	1	0	0	0	0	"2"	0	1	0	0	0	0	1	"1 2 3 4 5 6 8"	1	1	1	1	1	1	0	1	0										1	4	0		125	25		25	0		4	0		0	10		12	0		3	1	0			1	0				1	0			4	1	0			1	0			1	0			6	1	1	30	1	1	0			4					7	1	0				4				4				9	1	0			4				4		10	1	0			4				4															4				3		90	2	1	0			1	"2 3 4 5 6"	0	1	1	1	1	1	0	0	1	0			1	1	1	0			1	0			1	0			11	1	0			4	1	0			5	1	0			6	1	0			7	1	0			8	1	0			9	1	0			10	1	0			1	1	0			2	3		90	7	3	3		90	7	4				4				4				1	0			3		90	2	1	0			1	1	15	1	1	1	30	1							120	2.0	150	2.5	120	2.0	0																																																																								1	4	1	1	2		1	2	2	1	1	1	1	1	0	0	2	0	0	1	3	3	1	1	1	0
735074	"CSB1"	2	7	0	1	1	0	0	2	1	0	1			2	1		1	3	1	2	"INSUFFICIENT STAFF"		0	0	1	1	0	1	0	3	4	0		0													"5 6 7 9"	0	0	0	0	1	1	1	0	1	0	0	0	0	4	5	1	1000	6	1	1000	7	0		9	0												0																																							0										1			0	53	16		0					0	0	0		0			5	3		60											6	1	1	30	2									7	1	0												9	1	0																																															4				3		90	7	3		60	2	1	"2 3 4 5 6"	0	1	1	1	1	1	0	0	1	0			1	1	1	0			1	0			1	0			11	1	0			4	1	0			5	1	0			6	1	0			7	1	0			8	1	0			9	1	0			10	1	0			1	1	0			2	4				3	4				4				4				4				1	0			3		90	7	1	0			1	0			1	1	20	2	30	0.5	45	0.75	30	0.5	180	3.0	240	4.0	180	3.0	1	2023-01-01	"5 11"	0	0	0	0	1	0	0	0	0	0	1	0	0	0	0	0	0	0	0	0	0	0	0	0	0	0	0	0	0	0	0	0	0	0	0	0	0	0	0	0	0	0	0	0	0	0	0	0	0	0	0	0	0	0	0	0	"2"	0	1	0	0	0	"1"	1	0	0	0	0	0	1	4	1	1	2		1	1	3	1	1	1	1	1	0	0	5	0	1	1	3	3	1	1	1	0
747011	"CSB2"	2	7	1	2	1	0	0	2	1	0	1			1	1		1	3	1	4		"SUFFICIENT DRUG"	0	1	1	1	1	0	1	3	5	1	1	1	"3"	0	0	1	0	0	0	0	0	0	1	2	"3 5 6 7 9"	0	0	1	0	1	1	1	0	1	0	0	0	0	5	3	1	1000	5	1	200	6	1	200	7	0		9	0									0	1	1			"1"	1	0	0	0	0	0	0	0	0	"4"	0	0	0	1	0	0	"4"	0	0	0	1	0	0	1										0										1	1		1	65	16		4			0		0	4	4		4			3	3		15		3		90	2		3		90	2	5	3		90		3		90	2	4				6	1	0			3		90	2	4					7	1	0				4				4				9	1	0			4				4																										3		90	2	3		90	2	1	0			1	"1 2 3 4 5 6"	1	1	1	1	1	1	0	0	1	0			0	1	1	0			1	0			1	0			11	1	0			4	1	0			5	1	0			6	1	0			7	1	0			8	1	0			9	1	0			10	1	0			1	1	0			2	3		90	99	3	3		90	99	4				4				4				1	0			3		90	1	1	0			1	0			1	0									150	2.5	180	3.0	150	2.5	0																																																																								2	4	1	1	2		2	2	99	1	1	1	1	1	0	0	2	0	1	1	3	3	1	1	1	0
751102	"CSB2"	2	7	0	2	1	1	0	1	1	0	1	0		1	1		1	1	1	3			0	0	0					3	4	0		0													"5 6 7 9 13"	0	0	0	0	1	1	1	0	1	0	0	0	1	5	5	1	3000	6	1	3000	7	0		9	0		13	0									0																																							0										1			110	107	31		0		0			0	0	0		0		0	5	3		20											6	3		20										7	1	0												9	1	0												13	1	0																																	3		7	1	1	0			1	0			1	"2 3 4 5 6"	0	1	1	1	1	1	0	0	1	0			1	1	1	0			1	0			3		7	2	11	1	0			4	1	0			5	1	0			6	1	0			7	1	0			8	1	0			9	1	0			10	1	0			1	1	0			2	4				3	4				1	0			4				1	0			1	0			1	0			1	0			1	0			1	0			240	4.0	300	5.0	240	4.0							0																																																																								1	6	1	1	2		1	2	2	1	1	1	1	1	0	1	5	1	0	1	3	3	1	1	1	0
753095	"CSB2"	2	7	1	2	1	1	1	1	1	0	1	0	1	1	1		1	1	1	3			0	0	1	1	1	1	0	3	4	0		1	"1"	1	0	0	0	0	0	0	0	0	1	2	"3 5 6 7 9"	0	0	1	0	1	1	1	0	1	0	0	0	0	5	3	1	1500	5	1	500	6	1	500	7	0		9	0									0	1	1			"1 2 5 7"	1	1	0	0	1	0	1	0	0	"1 3 4"	1	0	1	1	0	0	"4"	0	0	0	1	0	0	1										0										1	0		50	0	13		0			0		0	0	0		0			3	3		90		3		90	7		3		90	7	5	3		90		1	0			4				6	3		90		1	0			4					7	3		90			4				4				9	1	0			4				4																										3		90	7	3		90	99	1	0			1	"1 2 3 5"	1	1	1	0	1	0	0	0	1	0			1	1	1	0			1	0			1	0			11	1	0			4	1	0			5	1	0			6	1	0			7	1	0			8	1	0			9	1	0			10	1	0			1	1	0			2	4				3	4				4				4				4				1	0			1	0			1	0			1	0			3		30	3							90	1.5	120	2.0	90	1.5	0																																																																								2	4	1	1	99		1	99	99	1	1	1	1	1	0	0	5	1	1	1	3	3	0			
755038	"CSB1"	2	7	1	1	1	1	1	0	0	0	1	1	1				1	1	1	3			0	0	1	1	0	1	1	3	4	0		0													"5 6 7 9"	0	0	0	0	1	1	1	0	1	0	0	0	0	4	5	0		6	0		7	0		9	0												0																																							0										1			0	18	8		0					0	0	0		0			5	3		90											6	1	1	30	7									7	1	1	30	7										9	1	0																																															4				3		7	4	3		14	7	1	"1 2 3 4 5 6"	1	1	1	1	1	1	0	0	1	0			1	1	1	0			1	0			1	0			11	1	0			4	1	0			5	1	0			6	1	0			7	1	0			8	1	0			9	1	0			10	1	0			1	1	0			2	4				3	4				4				4				3		60	2	1	0			3		60	2	1	0			1	0			1	0			180	3.0	240	4.0	180	3.0	300	5.0	360	6.0	300	5.0	0																																																																								1	4	1	1	2		1	2	2	1	1	1	1	1	0	0	2	1	1	1	3	3	0			
755101	"CSB2"	2	7	0	1	1	1	0	3	1	0	1	1		1	1		1	1	1	2	"HEALTH STRUCTURE PROBLEM"		1	0	1	0				3	4	0		1	"1"	1	0	0	0	0	0	0	0	0	1	3	"3 5 6 7 9"	0	0	1	0	1	1	1	0	1	0	0	0	0	5	3	0		5	0		6	0		7	0		9	0									0	0	0			"1 2 3 4 5 6 7"	1	1	1	1	1	1	1	0	1							1							0											0										1	2		0	21	2		0			1		0	1	0		0			3	1	0												5	3		30										6	3		2											7	1	0												9	3		90																																4				4				1	0			1	"3 4 5 6"	0	0	1	1	1	1	0	0	1	0			0	1	3			2	1	0			1	0			11	1	0			4	1	0			5	1	0			6	1	0			7	1	0			8	1	0			9	1	0			10	1	0			1	1	0			2	4				3	4				4				3			99	1	0			1	0			1	0			1	0			1	0			1	0			20	0.33333334	30	0.5	20	0.33333334	300	5.0	300	5.0	300	5.0	0																																																																								1	1	1	1	2		1	99	99	1	1	1	1	1	0	0	5	1	0	1	3	3	1	1	1	0
